250	1.50754389936215	1.00000000000000e-07
251	1.50704962815970	1.00000000000000e-07
252	1.50655535695724	1.00000000000000e-07
253	1.50606108575478	1.00000000000000e-07
254	1.50556681455233	1.00000000000000e-07
255	1.50507254334987	1.00000000000000e-07
256	1.50457827214741	1.00000000000000e-07
257	1.50408400094496	1.00000000000000e-07
258	1.50358972974250	1.00000000000000e-07
259	1.50309545854004	1.00000000000000e-07
260	1.50260118733759	1.00000000000000e-07
261	1.50210691613513	1.00000000000000e-07
262	1.50161264493267	1.00000000000000e-07
263	1.50111837373022	1.00000000000000e-07
264	1.50062410252776	1.00000000000000e-07
265	1.50012983132530	1.00000000000000e-07
266	1.49969196261483	1.00000000000000e-07
267	1.49926854881436	1.00000000000000e-07
268	1.49884513501389	1.00000000000000e-07
269	1.49842172121342	1.00000000000000e-07
270	1.49800149471537	1.00000000000000e-07
271	1.49760579658817	1.00000000000000e-07
272	1.49721009846097	1.00000000000000e-07
273	1.49681440033377	1.00000000000000e-07
274	1.49641870220656	1.00000000000000e-07
275	1.49602300407936	1.00000000000000e-07
276	1.49564607792464	1.00000000000000e-07
277	1.49527637975932	1.00000000000000e-07
278	1.49490668159400	1.00000000000000e-07
279	1.49453698342868	1.00000000000000e-07
280	1.49416728526337	1.00000000000000e-07
281	1.49381809719294	1.00000000000000e-07
282	1.49347980805503	1.00000000000000e-07
283	1.49314151891712	1.00000000000000e-07
284	1.49280322977921	1.00000000000000e-07
285	1.49246494064130	1.00000000000000e-07
286	1.49212665150338	1.00000000000000e-07
287	1.49178836236547	1.00000000000000e-07
288	1.49145007322756	1.00000000000000e-07
289	1.49111178408965	1.00000000000000e-07
290	1.49079403908795	1.00000000000000e-07
291	1.49048785016287	1.00000000000000e-07
292	1.49018166123779	1.00000000000000e-07
293	1.48987547231270	1.00000000000000e-07
294	1.48956928338762	1.00000000000000e-07
295	1.48926309446254	1.00000000000000e-07
296	1.48895690553746	1.00000000000000e-07
297	1.48865674437477	1.00000000000000e-07
298	1.48837271634083	1.00000000000000e-07
299	1.48808868830690	1.00000000000000e-07
300	1.48780466027296	1.00000000000000e-07
301	1.48752063223903	1.00000000000000e-07
302	1.48723660420509	1.00000000000000e-07
303	1.48699275662599	1.00000000000000e-07
304	1.48675599971539	1.00000000000000e-07
305	1.48651924280480	1.00000000000000e-07
306	1.48628248589420	1.00000000000000e-07
307	1.48604572898360	1.00000000000000e-07
308	1.48580897207300	1.00000000000000e-07
309	1.48557221516240	1.00000000000000e-07
310	1.48533545825181	1.00000000000000e-07
311	1.48509870134121	1.00000000000000e-07
312	1.48486194443061	1.00000000000000e-07
313	1.48462518752001	1.00000000000000e-07
314	1.48438843060941	1.00000000000000e-07
315	1.48415167369882	1.00000000000000e-07
316	1.48391491678822	1.00000000000000e-07
317	1.48367815987762	1.00000000000000e-07
318	1.48344140296702	1.00000000000000e-07
319	1.48320464605642	1.00000000000000e-07
320	1.48296788914583	1.00000000000000e-07
321	1.48273113223523	1.00000000000000e-07
322	1.48249437532463	1.00000000000000e-07
323	1.48225761841403	1.00000000000000e-07
324	1.48202086150343	1.00000000000000e-07
325	1.48178410459284	1.00000000000000e-07
326	1.48154734768224	1.00000000000000e-07
327	1.48131059077164	1.00000000000000e-07
328	1.48107383386104	1.00000000000000e-07
329	1.48083707695044	1.00000000000000e-07
330	1.48060032003985	1.00000000000000e-07
331	1.48039114296734	1.00000000000000e-07
332	1.48019160581126	1.00000000000000e-07
333	1.47999206865518	1.00000000000000e-07
334	1.47979253149910	1.00000000000000e-07
335	1.47960142560721	1.00000000000000e-07
336	1.47941178430111	1.00000000000000e-07
337	1.47922214299501	1.00000000000000e-07
338	1.47903250168892	1.00000000000000e-07
339	1.47884286038282	1.00000000000000e-07
340	1.47865321907673	1.00000000000000e-07
341	1.47847070503597	1.00000000000000e-07
342	1.47829228776978	1.00000000000000e-07
343	1.47811387050360	1.00000000000000e-07
344	1.47793545323741	1.00000000000000e-07
345	1.47775703597122	1.00000000000000e-07
346	1.47757861870504	1.00000000000000e-07
347	1.47740640898067	1.00000000000000e-07
348	1.47724432735084	1.00000000000000e-07
349	1.47708224572102	1.00000000000000e-07
350	1.47692016409119	1.00000000000000e-07
351	1.47675808246137	1.00000000000000e-07
352	1.47659600083154	1.00000000000000e-07
353	1.47643391920172	1.00000000000000e-07
354	1.47627183757189	1.00000000000000e-07
355	1.47610975594207	1.00000000000000e-07
356	1.47594767431224	1.00000000000000e-07
357	1.47578559268242	1.00000000000000e-07
358	1.47562351105260	1.00000000000000e-07
359	1.47546142942277	1.00000000000000e-07
360	1.47529934779295	1.00000000000000e-07
361	1.47513726616312	1.00000000000000e-07
362	1.47498775126135	1.00000000000000e-07
363	1.47483891170535	1.00000000000000e-07
364	1.47469007214934	1.00000000000000e-07
365	1.47454123259334	1.00000000000000e-07
366	1.47441672293837	1.00000000000000e-07
367	1.47429258378951	1.00000000000000e-07
368	1.47416844464065	1.00000000000000e-07
369	1.47404430549179	1.00000000000000e-07
370	1.47392016634293	1.00000000000000e-07
371	1.47379602719407	1.00000000000000e-07
372	1.47367188804521	1.00000000000000e-07
373	1.47354774889634	1.00000000000000e-07
374	1.47342360974748	1.00000000000000e-07
375	1.47329947059862	1.00000000000000e-07
376	1.47317533144976	1.00000000000000e-07
377	1.47305119230090	1.00000000000000e-07
378	1.47292705315204	1.00000000000000e-07
379	1.47280291400318	1.00000000000000e-07
380	1.47267877485432	1.00000000000000e-07
381	1.47255463570546	1.00000000000000e-07
382	1.47243049655660	1.00000000000000e-07
383	1.47230635740773	1.00000000000000e-07
384	1.47218221825887	1.00000000000000e-07
385	1.47205807911001	1.00000000000000e-07
386	1.47193393996115	1.00000000000000e-07
387	1.47180980081229	1.00000000000000e-07
388	1.47168566166343	1.00000000000000e-07
389	1.47156152251457	1.00000000000000e-07
390	1.47143738336571	1.00000000000000e-07
391	1.47131324421685	1.00000000000000e-07
392	1.47118910506799	1.00000000000000e-07
393	1.47106496591912	1.00000000000000e-07
394	1.47094082677026	1.00000000000000e-07
395	1.47081668762140	1.00000000000000e-07
396	1.47069254847254	1.00000000000000e-07
397	1.47056840932368	1.00000000000000e-07
398	1.47044427017482	1.00000000000000e-07
399	1.47032013102596	1.00000000000000e-07
400	1.47019599187710	1.00000000000000e-07
401	1.47007185272824	1.00000000000000e-07
402	1.46994771357937	1.00000000000000e-07
403	1.46982357443051	1.00000000000000e-07
404	1.46969943528165	1.00000000000000e-07
405	1.46958572827865	1.00000000000000e-07
406	1.46949191513519	1.00000000000000e-07
407	1.46939810199173	1.00000000000000e-07
408	1.46930428884826	1.00000000000000e-07
409	1.46921047570480	1.00000000000000e-07
410	1.46911666256134	1.00000000000000e-07
411	1.46902284941788	1.00000000000000e-07
412	1.46892903627442	1.00000000000000e-07
413	1.46883522313095	1.00000000000000e-07
414	1.46874140998749	1.00000000000000e-07
415	1.46864759684403	1.00000000000000e-07
416	1.46855378370057	1.00000000000000e-07
417	1.46845997055711	1.00000000000000e-07
418	1.46836615741364	1.00000000000000e-07
419	1.46827234427018	1.00000000000000e-07
420	1.46817853112672	1.00000000000000e-07
421	1.46808471798326	1.00000000000000e-07
422	1.46799090483980	1.00000000000000e-07
423	1.46789709169633	1.00000000000000e-07
424	1.46780327855287	1.00000000000000e-07
425	1.46770946540941	1.00000000000000e-07
426	1.46761565226595	1.00000000000000e-07
427	1.46752183912249	1.00000000000000e-07
428	1.46742802597902	1.00000000000000e-07
429	1.46733421283556	1.00000000000000e-07
430	1.46724039969210	1.00000000000000e-07
431	1.46714658654864	1.00000000000000e-07
432	1.46705277340518	1.00000000000000e-07
433	1.46695896026171	1.00000000000000e-07
434	1.46686514711825	1.00000000000000e-07
435	1.46677133397479	1.00000000000000e-07
436	1.46668061248867	1.00000000000000e-07
437	1.46660553666239	1.00000000000000e-07
438	1.46653046083612	1.00000000000000e-07
439	1.46645538500985	1.00000000000000e-07
440	1.46638030918358	1.00000000000000e-07
441	1.46630523335731	1.00000000000000e-07
442	1.46623015753103	1.00000000000000e-07
443	1.46615508170476	1.00000000000000e-07
444	1.46608000587849	1.00000000000000e-07
445	1.46600493005222	1.00000000000000e-07
446	1.46592985422595	1.00000000000000e-07
447	1.46585477839967	1.00000000000000e-07
448	1.46577970257340	1.00000000000000e-07
449	1.46570462674713	1.00000000000000e-07
450	1.46562955092086	1.00000000000000e-07
451	1.46555447509459	1.00000000000000e-07
452	1.46547939926832	1.00000000000000e-07
453	1.46540432344204	1.00000000000000e-07
454	1.46532924761577	1.00000000000000e-07
455	1.46525417178950	1.00000000000000e-07
456	1.46517909596323	1.00000000000000e-07
457	1.46510402013696	1.00000000000000e-07
458	1.46502894431068	1.00000000000000e-07
459	1.46495386848441	1.00000000000000e-07
460	1.46487879265814	1.00000000000000e-07
461	1.46480371683187	1.00000000000000e-07
462	1.46472864100560	1.00000000000000e-07
463	1.46465356517933	1.00000000000000e-07
464	1.46457848935305	1.00000000000000e-07
465	1.46450341352678	1.00000000000000e-07
466	1.46442833770051	1.00000000000000e-07
467	1.46435326187424	1.00000000000000e-07
468	1.46428028716493	1.00000000000000e-07
469	1.46421663045259	1.00000000000000e-07
470	1.46415297374024	1.00000000000000e-07
471	1.46408931702790	1.00000000000000e-07
472	1.46402566031555	1.00000000000000e-07
473	1.46396200360321	1.00000000000000e-07
474	1.46389834689087	1.00000000000000e-07
475	1.46383469017852	1.00000000000000e-07
476	1.46377103346618	1.00000000000000e-07
477	1.46370737675384	1.00000000000000e-07
478	1.46364372004149	1.00000000000000e-07
479	1.46358006332915	1.00000000000000e-07
480	1.46351640661680	1.00000000000000e-07
481	1.46345274990446	1.00000000000000e-07
482	1.46338909319212	1.00000000000000e-07
483	1.46332543647977	1.00000000000000e-07
484	1.46326177976743	1.00000000000000e-07
485	1.46319812305509	1.00000000000000e-07
486	1.46313446634274	1.00000000000000e-07
487	1.46307722183616	1.00000000000000e-07
488	1.46302096097822	1.00000000000000e-07
489	1.46296470012027	1.00000000000000e-07
490	1.46290843926233	1.00000000000000e-07
491	1.46285217840438	1.00000000000000e-07
492	1.46279591754644	1.00000000000000e-07
493	1.46273965668849	1.00000000000000e-07
494	1.46268339583055	1.00000000000000e-07
495	1.46262713497260	1.00000000000000e-07
496	1.46257087411466	1.00000000000000e-07
497	1.46251461325672	1.00000000000000e-07
498	1.46245835239877	1.00000000000000e-07
499	1.46240209154083	1.00000000000000e-07
500	1.46234583068288	1.00000000000000e-07
501	1.46228956982494	1.00000000000000e-07
502	1.46223330896699	1.00000000000000e-07
503	1.46217704810905	1.00000000000000e-07
504	1.46212078725110	1.00000000000000e-07
505	1.46206452639316	1.00000000000000e-07
506	1.46200826553521	1.00000000000000e-07
507	1.46195200467727	1.00000000000000e-07
508	1.46189574381932	1.00000000000000e-07
509	1.46184309895444	1.00000000000000e-07
510	1.46179548879761	1.00000000000000e-07
511	1.46174787864078	1.00000000000000e-07
512	1.46170026848394	1.00000000000000e-07
513	1.46165265832711	1.00000000000000e-07
514	1.46160504817028	1.00000000000000e-07
515	1.46155743801344	1.00000000000000e-07
516	1.46150982785661	1.00000000000000e-07
517	1.46146221769978	1.00000000000000e-07
518	1.46141460754294	1.00000000000000e-07
519	1.46136699738611	1.00000000000000e-07
520	1.46131938722928	1.00000000000000e-07
521	1.46127177707244	1.00000000000000e-07
522	1.46122416691561	1.00000000000000e-07
523	1.46117655675878	1.00000000000000e-07
524	1.46112894660194	1.00000000000000e-07
525	1.46108133644511	1.00000000000000e-07
526	1.46103372628827	1.00000000000000e-07
527	1.46098611613144	1.00000000000000e-07
528	1.46093850597461	1.00000000000000e-07
529	1.46089089581777	1.00000000000000e-07
530	1.46084328566094	1.00000000000000e-07
531	1.46079567550411	1.00000000000000e-07
532	1.46074806534727	1.00000000000000e-07
533	1.46070045519044	1.00000000000000e-07
534	1.46065284503361	1.00000000000000e-07
535	1.46060523487677	1.00000000000000e-07
536	1.46055762471994	1.00000000000000e-07
537	1.46051001456311	1.00000000000000e-07
538	1.46046240440627	1.00000000000000e-07
539	1.46041479424944	1.00000000000000e-07
540	1.46036718409261	1.00000000000000e-07
541	1.46031957393577	1.00000000000000e-07
542	1.46027196377894	1.00000000000000e-07
543	1.46022435362211	1.00000000000000e-07
544	1.46017674346527	1.00000000000000e-07
545	1.46012913330844	1.00000000000000e-07
546	1.46008152315161	1.00000000000000e-07
547	1.46004106193945	1.00000000000000e-07
548	1.46000117202526	1.00000000000000e-07
549	1.45996128211106	1.00000000000000e-07
550	1.45992139219686	1.00000000000000e-07
551	1.45988150228266	1.00000000000000e-07
552	1.45984161236846	1.00000000000000e-07
553	1.45980172245427	1.00000000000000e-07
554	1.45976183254007	1.00000000000000e-07
555	1.45972194262587	1.00000000000000e-07
556	1.45968205271167	1.00000000000000e-07
557	1.45964216279747	1.00000000000000e-07
558	1.45960227288328	1.00000000000000e-07
559	1.45956238296908	1.00000000000000e-07
560	1.45952249305488	1.00000000000000e-07
561	1.45948260314068	1.00000000000000e-07
562	1.45944271322649	1.00000000000000e-07
563	1.45940282331229	1.00000000000000e-07
564	1.45936293339809	1.00000000000000e-07
565	1.45932304348389	1.00000000000000e-07
566	1.45928315356969	1.00000000000000e-07
567	1.45924326365550	1.00000000000000e-07
568	1.45920337374130	1.00000000000000e-07
569	1.45916348382710	1.00000000000000e-07
570	1.45912359391290	1.00000000000000e-07
571	1.45908370399871	1.00000000000000e-07
572	1.45904381408451	1.00000000000000e-07
573	1.45900392417031	1.00000000000000e-07
574	1.45896403425611	1.00000000000000e-07
575	1.45892414434191	1.00000000000000e-07
576	1.45888425442772	1.00000000000000e-07
577	1.45884450094967	1.00000000000000e-07
578	1.45880793874644	1.00000000000000e-07
579	1.45877137654321	1.00000000000000e-07
580	1.45873543420433	1.00000000000000e-07
581	1.45869953495763	1.00000000000000e-07
582	1.45866363571092	1.00000000000000e-07
583	1.45862773646422	1.00000000000000e-07
584	1.45859183721751	1.00000000000000e-07
585	1.45855593797081	1.00000000000000e-07
586	1.45852003872411	1.00000000000000e-07
587	1.45848413947740	1.00000000000000e-07
588	1.45844851499118	1.00000000000000e-07
589	1.45841324162258	1.00000000000000e-07
590	1.45838101566364	1.00000000000000e-07
591	1.45834987157644	1.00000000000000e-07
592	1.45831872748924	1.00000000000000e-07
593	1.45828758340203	1.00000000000000e-07
594	1.45825643931483	1.00000000000000e-07
595	1.45822529522763	1.00000000000000e-07
596	1.45819415114042	1.00000000000000e-07
597	1.45816300705322	1.00000000000000e-07
598	1.45813186296602	1.00000000000000e-07
599	1.45810071887881	1.00000000000000e-07
600	1.45806957479161	1.00000000000000e-07
601	1.45803843070441	1.00000000000000e-07
602	1.45800728661720	1.00000000000000e-07
603	1.45797614253000	1.00000000000000e-07
604	1.45794499844280	1.00000000000000e-07
605	1.45791385435559	1.00000000000000e-07
606	1.45788271026839	1.00000000000000e-07
607	1.45785156618119	1.00000000000000e-07
608	1.45782042209398	1.00000000000000e-07
609	1.45778927800678	1.00000000000000e-07
610	1.45775813391958	1.00000000000000e-07
611	1.45772698983237	1.00000000000000e-07
612	1.45769584574517	1.00000000000000e-07
613	1.45766470165796	1.00000000000000e-07
614	1.45763355757076	1.00000000000000e-07
615	1.45760241348356	1.00000000000000e-07
616	1.45757126939635	1.00000000000000e-07
617	1.45754012530915	1.00000000000000e-07
618	1.45750898122195	1.00000000000000e-07
619	1.45747783713474	1.00000000000000e-07
620	1.45744669304754	1.00000000000000e-07
621	1.45741554896034	1.00000000000000e-07
622	1.45738440487313	1.00000000000000e-07
623	1.45735326078593	1.00000000000000e-07
624	1.45732211669873	1.00000000000000e-07
625	1.45729097261152	1.00000000000000e-07
626	1.45725982852432	1.00000000000000e-07
627	1.45722868443712	1.00000000000000e-07
628	1.45719754034991	1.00000000000000e-07
629	1.45716639626271	1.00000000000000e-07
630	1.45713525217551	1.00000000000000e-07
631	1.45710410808830	1.00000000000000e-07
632	1.45707296400110	1.00000000000000e-07
633	1.45704181991390	1.00000000000000e-07
634	1.45701067582669	1.00000000000000e-07
635	1.45697953173949	1.00000000000000e-07
636	1.45694838765229	1.00000000000000e-07
637	1.45691724356508	1.00000000000000e-07
638	1.45688609947788	1.00000000000000e-07
639	1.45685495539068	1.00000000000000e-07
640	1.45682381130347	1.00000000000000e-07
641	1.45679266721627	1.00000000000000e-07
642	1.45676152312906	1.00000000000000e-07
643	1.45673037904186	1.00000000000000e-07
644	1.45669985022133	1.00000000000000e-07
645	1.45667272748491	1.00000000000000e-07
646	1.45664560474849	1.00000000000000e-07
647	1.45661848201207	1.00000000000000e-07
648	1.45659135927565	1.00000000000000e-07
649	1.45656423653924	1.00000000000000e-07
650	1.45653711380282	1.00000000000000e-07
651	1.45650999106640	1.00000000000000e-07
652	1.45648286832998	1.00000000000000e-07
653	1.45645574559356	1.00000000000000e-07
654	1.45642862285714	1.00000000000000e-07
655	1.45640150012072	1.00000000000000e-07
656	1.45637437738431	1.00000000000000e-07
657	1.45634807944209	1.00000000000000e-07
658	1.45632208966473	1.00000000000000e-07
659	1.45629609988738	1.00000000000000e-07
660	1.45627011011002	1.00000000000000e-07
661	1.45624412033267	1.00000000000000e-07
662	1.45621813055532	1.00000000000000e-07
663	1.45619214077796	1.00000000000000e-07
664	1.45616615100061	1.00000000000000e-07
665	1.45614016122325	1.00000000000000e-07
666	1.45611417144590	1.00000000000000e-07
667	1.45608818166854	1.00000000000000e-07
668	1.45606259296197	1.00000000000000e-07
669	1.45603877113477	1.00000000000000e-07
670	1.45601494930757	1.00000000000000e-07
671	1.45599112748036	1.00000000000000e-07
672	1.45596730565316	1.00000000000000e-07
673	1.45594348382596	1.00000000000000e-07
674	1.45591966199876	1.00000000000000e-07
675	1.45589584017156	1.00000000000000e-07
676	1.45587201834436	1.00000000000000e-07
677	1.45584819651716	1.00000000000000e-07
678	1.45582437468995	1.00000000000000e-07
679	1.45580055286275	1.00000000000000e-07
680	1.45577673103555	1.00000000000000e-07
681	1.45575290920835	1.00000000000000e-07
682	1.45572908738115	1.00000000000000e-07
683	1.45570526555395	1.00000000000000e-07
684	1.45568144372675	1.00000000000000e-07
685	1.45565762189955	1.00000000000000e-07
686	1.45563380007234	1.00000000000000e-07
687	1.45560997824514	1.00000000000000e-07
688	1.45558615641794	1.00000000000000e-07
689	1.45556233459074	1.00000000000000e-07
690	1.45553851276354	1.00000000000000e-07
691	1.45551469093634	1.00000000000000e-07
692	1.45549086910914	1.00000000000000e-07
693	1.45546704728193	1.00000000000000e-07
694	1.45544322545473	1.00000000000000e-07
695	1.45541940362753	1.00000000000000e-07
696	1.45539558180033	1.00000000000000e-07
697	1.45537175997313	1.00000000000000e-07
698	1.45534793814593	1.00000000000000e-07
699	1.45532411631873	1.00000000000000e-07
700	1.45530029449153	1.00000000000000e-07
701	1.45527647266432	1.00000000000000e-07
702	1.45525265083712	1.00000000000000e-07
703	1.45522882900992	1.00000000000000e-07
704	1.45520500718272	1.00000000000000e-07
705	1.45518118535552	1.00000000000000e-07
706	1.45515736352832	1.00000000000000e-07
707	1.45513614594208	1.00000000000000e-07
708	1.45511773833727	1.00000000000000e-07
709	1.45509933073246	1.00000000000000e-07
710	1.45508092312764	1.00000000000000e-07
711	1.45506251552283	1.00000000000000e-07
712	1.45504410791802	1.00000000000000e-07
713	1.45502570031320	1.00000000000000e-07
714	1.45500729270839	1.00000000000000e-07
715	1.45498888510358	1.00000000000000e-07
716	1.45497047749876	1.00000000000000e-07
717	1.45495206989395	1.00000000000000e-07
718	1.45493366228914	1.00000000000000e-07
719	1.45491525468432	1.00000000000000e-07
720	1.45489684707951	1.00000000000000e-07
721	1.45487843947470	1.00000000000000e-07
722	1.45486003186988	1.00000000000000e-07
723	1.45484162426507	1.00000000000000e-07
724	1.45482321666026	1.00000000000000e-07
725	1.45480480905544	1.00000000000000e-07
726	1.45478640145063	1.00000000000000e-07
727	1.45476799384582	1.00000000000000e-07
728	1.45474958624100	1.00000000000000e-07
729	1.45473117863619	1.00000000000000e-07
730	1.45471277103138	1.00000000000000e-07
731	1.45469436342656	1.00000000000000e-07
732	1.45467595582175	1.00000000000000e-07
733	1.45465754821694	1.00000000000000e-07
734	1.45463914061212	1.00000000000000e-07
735	1.45462073300731	1.00000000000000e-07
736	1.45460232540249	1.00000000000000e-07
737	1.45458391779768	1.00000000000000e-07
738	1.45456551019287	1.00000000000000e-07
739	1.45454710258805	1.00000000000000e-07
740	1.45452869498324	1.00000000000000e-07
741	1.45451028737843	1.00000000000000e-07
742	1.45449187977361	1.00000000000000e-07
743	1.45447347216880	1.00000000000000e-07
744	1.45445506456399	1.00000000000000e-07
745	1.45443665695917	1.00000000000000e-07
746	1.45441824935436	1.00000000000000e-07
747	1.45439984174955	1.00000000000000e-07
748	1.45438143414473	1.00000000000000e-07
749	1.45436302653992	1.00000000000000e-07
750	1.45434461893511	1.00000000000000e-07
751	1.45432621133029	1.00000000000000e-07
752	1.45430780372548	1.00000000000000e-07
753	1.45428939612067	1.00000000000000e-07
754	1.45427098851585	1.00000000000000e-07
755	1.45425258091104	1.00000000000000e-07
756	1.45423417330623	1.00000000000000e-07
757	1.45421576570141	1.00000000000000e-07
758	1.45419735809660	1.00000000000000e-07
759	1.45417895049179	1.00000000000000e-07
760	1.45416054288697	1.00000000000000e-07
761	1.45414213528216	1.00000000000000e-07
762	1.45412372767734	1.00000000000000e-07
763	1.45410532007253	1.00000000000000e-07
764	1.45408691246772	1.00000000000000e-07
765	1.45406850486290	1.00000000000000e-07
766	1.45405009725809	1.00000000000000e-07
767	1.45403168965328	1.00000000000000e-07
768	1.45401328204846	1.00000000000000e-07
769	1.45399487444365	1.00000000000000e-07
770	1.45397646683884	1.00000000000000e-07
771	1.45395805923402	1.00000000000000e-07
772	1.45393965162921	1.00000000000000e-07
773	1.45392124402440	1.00000000000000e-07
774	1.45390283641958	1.00000000000000e-07
775	1.45388442881477	1.00000000000000e-07
776	1.45386602120996	1.00000000000000e-07
777	1.45384761360514	1.00000000000000e-07
778	1.45382920600033	1.00000000000000e-07
779	1.45381079839552	1.00000000000000e-07
780	1.45379239079070	1.00000000000000e-07
781	1.45377398318589	1.00000000000000e-07
782	1.45375557558108	1.00000000000000e-07
783	1.45373716797626	1.00000000000000e-07
784	1.45371876037145	1.00000000000000e-07
785	1.45370035276664	1.00000000000000e-07
786	1.45368194516182	1.00000000000000e-07
787	1.45366353755701	1.00000000000000e-07
788	1.45364512995220	1.00000000000000e-07
789	1.45362672234738	1.00000000000000e-07
790	1.45360831474257	1.00000000000000e-07
791	1.45358990713775	1.00000000000000e-07
792	1.45357149953294	1.00000000000000e-07
793	1.45355309192813	1.00000000000000e-07
794	1.45353468432331	1.00000000000000e-07
795	1.45351627671850	1.00000000000000e-07
796	1.45349786911369	1.00000000000000e-07
797	1.45347946150887	1.00000000000000e-07
798	1.45346105390406	1.00000000000000e-07
799	1.45344264629925	1.00000000000000e-07
800	1.45342423869443	1.00000000000000e-07
801	1.45340583108962	1.00000000000000e-07
802	1.45338742348481	1.00000000000000e-07
803	1.45336901587999	1.00000000000000e-07
804	1.45335060827518	1.00000000000000e-07
805	1.45333220067037	1.00000000000000e-07
806	1.45331379306555	1.00000000000000e-07
807	1.45329538546074	1.00000000000000e-07
808	1.45327697785593	1.00000000000000e-07
809	1.45325857025111	1.00000000000000e-07
810	1.45324016264630	1.00000000000000e-07
811	1.45322175504149	1.00000000000000e-07
812	1.45320334743667	1.00000000000000e-07
813	1.45318493983186	1.00000000000000e-07
814	1.45316653222705	1.00000000000000e-07
815	1.45314812462223	1.00000000000000e-07
816	1.45312971701742	1.00000000000000e-07
817	1.45311130941261	1.00000000000000e-07
818	1.45309290180779	1.00000000000000e-07
819	1.45307449420298	1.00000000000000e-07
820	1.45305608659816	1.00000000000000e-07
821	1.45303767899335	1.00000000000000e-07
822	1.45301927138854	1.00000000000000e-07
823	1.45300086378372	1.00000000000000e-07
824	1.45298245617891	1.00000000000000e-07
825	1.45296404857410	1.00000000000000e-07
826	1.45294564096928	1.00000000000000e-07
827	1.45292723336447	1.00000000000000e-07
828	1.45290882575966	1.00000000000000e-07
829	1.45289041815484	1.00000000000000e-07
830	1.45287201055003	1.00000000000000e-07
831	1.45285360294522	1.00000000000000e-07
832	1.45283519534040	1.00000000000000e-07
833	1.45281678773559	1.00000000000000e-07
834	1.45279838013078	1.00000000000000e-07
835	1.45277997252596	1.00000000000000e-07
836	1.45276156492115	1.00000000000000e-07
837	1.45274315731634	1.00000000000000e-07
838	1.45272474971152	1.00000000000000e-07
839	1.45270634210671	1.00000000000000e-07
840	1.45268793450190	1.00000000000000e-07
841	1.45266952689708	1.00000000000000e-07
842	1.45265111929227	1.00000000000000e-07
843	1.45263271168746	1.00000000000000e-07
844	1.45261430408264	1.00000000000000e-07
845	1.45259589647783	1.00000000000000e-07
846	1.45257748887302	1.00000000000000e-07
847	1.45255908126820	1.00000000000000e-07
848	1.45254067366339	1.00000000000000e-07
849	1.45252226605857	1.00000000000000e-07
850	1.45250385845376	1.00000000000000e-07
851	1.45248545084895	1.00000000000000e-07
852	1.45246704324413	1.00000000000000e-07
853	1.45245174045314	1.00000000000000e-07
854	1.45243682532730	1.00000000000000e-07
855	1.45242191020147	1.00000000000000e-07
856	1.45240699507564	1.00000000000000e-07
857	1.45239207994981	1.00000000000000e-07
858	1.45237716482398	1.00000000000000e-07
859	1.45236224969815	1.00000000000000e-07
860	1.45234733457231	1.00000000000000e-07
861	1.45233241944648	1.00000000000000e-07
862	1.45231750432065	1.00000000000000e-07
863	1.45230258919482	1.00000000000000e-07
864	1.45228767406899	1.00000000000000e-07
865	1.45227275894316	1.00000000000000e-07
866	1.45225784381733	1.00000000000000e-07
867	1.45224292869149	1.00000000000000e-07
868	1.45222801356566	1.00000000000000e-07
869	1.45221309843983	1.00000000000000e-07
870	1.45219818331400	1.00000000000000e-07
871	1.45218326818817	1.00000000000000e-07
872	1.45216835306234	1.00000000000000e-07
873	1.45215343793650	1.00000000000000e-07
874	1.45213852281067	1.00000000000000e-07
875	1.45212360768484	1.00000000000000e-07
876	1.45210869255901	1.00000000000000e-07
877	1.45209377743318	1.00000000000000e-07
878	1.45207886230735	1.00000000000000e-07
879	1.45206394718151	1.00000000000000e-07
880	1.45204903205568	1.00000000000000e-07
881	1.45203411692985	1.00000000000000e-07
882	1.45201920180402	1.00000000000000e-07
883	1.45200428667819	1.00000000000000e-07
884	1.45198937155236	1.00000000000000e-07
885	1.45197445642653	1.00000000000000e-07
886	1.45195954130069	1.00000000000000e-07
887	1.45194462617486	1.00000000000000e-07
888	1.45192971104903	1.00000000000000e-07
889	1.45191479592320	1.00000000000000e-07
890	1.45189988079737	1.00000000000000e-07
891	1.45188496567154	1.00000000000000e-07
892	1.45187005054570	1.00000000000000e-07
893	1.45185513541987	1.00000000000000e-07
894	1.45184022029404	1.00000000000000e-07
895	1.45182634456240	1.00000000000000e-07
896	1.45181302850456	1.00000000000000e-07
897	1.45179971244671	1.00000000000000e-07
898	1.45178639638887	1.00000000000000e-07
899	1.45177308033102	1.00000000000000e-07
900	1.45175976427318	1.00000000000000e-07
901	1.45174644821533	1.00000000000000e-07
902	1.45173313215749	1.00000000000000e-07
903	1.45171981609964	1.00000000000000e-07
904	1.45170650004180	1.00000000000000e-07
905	1.45169318398395	1.00000000000000e-07
906	1.45167986792611	1.00000000000000e-07
907	1.45166655186826	1.00000000000000e-07
908	1.45165323581042	1.00000000000000e-07
909	1.45163991975257	1.00000000000000e-07
910	1.45162660369473	1.00000000000000e-07
911	1.45161328763688	1.00000000000000e-07
912	1.45159997157904	1.00000000000000e-07
913	1.45158665552119	1.00000000000000e-07
914	1.45157333946335	1.00000000000000e-07
915	1.45156002340550	1.00000000000000e-07
916	1.45154670734766	1.00000000000000e-07
917	1.45153339128981	1.00000000000000e-07
918	1.45152007523197	1.00000000000000e-07
919	1.45150675917412	1.00000000000000e-07
920	1.45149344311628	1.00000000000000e-07
921	1.45148012705843	1.00000000000000e-07
922	1.45146681100059	1.00000000000000e-07
923	1.45145349494274	1.00000000000000e-07
924	1.45144017888490	1.00000000000000e-07
925	1.45142686282705	1.00000000000000e-07
926	1.45141354676921	1.00000000000000e-07
927	1.45140023071136	1.00000000000000e-07
928	1.45138691465352	1.00000000000000e-07
929	1.45137359859567	1.00000000000000e-07
930	1.45136028253783	1.00000000000000e-07
931	1.45134696647998	1.00000000000000e-07
932	1.45133365042213	1.00000000000000e-07
933	1.45132033436429	1.00000000000000e-07
934	1.45130701830645	1.00000000000000e-07
935	1.45129370224860	1.00000000000000e-07
936	1.45128038619075	1.00000000000000e-07
937	1.45126707013291	1.00000000000000e-07
938	1.45125375407506	1.00000000000000e-07
939	1.45124043801722	1.00000000000000e-07
940	1.45122712195937	1.00000000000000e-07
941	1.45121380590153	1.00000000000000e-07
942	1.45120048984368	1.00000000000000e-07
943	1.45118717378584	1.00000000000000e-07
944	1.45117385772799	1.00000000000000e-07
945	1.45116054167015	1.00000000000000e-07
946	1.45114722561230	1.00000000000000e-07
947	1.45113390955446	1.00000000000000e-07
948	1.45112059349661	1.00000000000000e-07
949	1.45110727743877	1.00000000000000e-07
950	1.45109396138092	1.00000000000000e-07
951	1.45108064532308	1.00000000000000e-07
952	1.45106732926523	1.00000000000000e-07
953	1.45105401320739	1.00000000000000e-07
954	1.45104069714954	1.00000000000000e-07
955	1.45102738109170	1.00000000000000e-07
956	1.45101406503385	1.00000000000000e-07
957	1.45100074897601	1.00000000000000e-07
958	1.45098743291816	1.00000000000000e-07
959	1.45097411686032	1.00000000000000e-07
960	1.45096080080247	1.00000000000000e-07
961	1.45094748474463	1.00000000000000e-07
962	1.45093416868678	1.00000000000000e-07
963	1.45092085262894	1.00000000000000e-07
964	1.45090753657109	1.00000000000000e-07
965	1.45089422051325	1.00000000000000e-07
966	1.45088090445540	1.00000000000000e-07
967	1.45086758839756	1.00000000000000e-07
968	1.45085427233971	1.00000000000000e-07
969	1.45084095628187	1.00000000000000e-07
970	1.45082764022402	1.00000000000000e-07
971	1.45081432416618	1.00000000000000e-07
972	1.45080100810833	1.00000000000000e-07
973	1.45078769205049	1.00000000000000e-07
974	1.45077437599264	1.00000000000000e-07
975	1.45076105993480	1.00000000000000e-07
976	1.45074774387695	1.00000000000000e-07
977	1.45073442781911	1.00000000000000e-07
978	1.45072111176126	1.00000000000000e-07
979	1.45070779570342	1.00000000000000e-07
980	1.45069447964557	1.00000000000000e-07
981	1.45068116358773	1.00000000000000e-07
982	1.45066784752988	1.00000000000000e-07
983	1.45065453147204	1.00000000000000e-07
984	1.45064121541419	1.00000000000000e-07
985	1.45062789935635	1.00000000000000e-07
986	1.45061458329850	1.00000000000000e-07
987	1.45060126724066	1.00000000000000e-07
988	1.45058795118281	1.00000000000000e-07
989	1.45057463512497	1.00000000000000e-07
990	1.45056131906712	1.00000000000000e-07
991	1.45054800300928	1.00000000000000e-07
992	1.45053468695143	1.00000000000000e-07
993	1.45052137089359	1.00000000000000e-07
994	1.45050805483574	1.00000000000000e-07
995	1.45049473877790	1.00000000000000e-07
996	1.45048142272005	1.00000000000000e-07
997	1.45046810666221	1.00000000000000e-07
998	1.45045479060436	1.00000000000000e-07
999	1.45044147454652	1.00000000000000e-07
1000	1.45042815848867	1.00000000000000e-07
1001	1.45041484243083	1.00000000000000e-07
1002	1.45040152637298	1.00000000000000e-07
1003	1.45038821031514	1.00000000000000e-07
1004	1.45037489425729	1.00000000000000e-07
1005	1.45036157819945	1.00000000000000e-07
1006	1.45034826214160	1.00000000000000e-07
1007	1.45033494608376	1.00000000000000e-07
1008	1.45032163002591	1.00000000000000e-07
1009	1.45030831396807	1.00000000000000e-07
1010	1.45029499791022	1.00000000000000e-07
1011	1.45028168185238	1.00000000000000e-07
1012	1.45026836579453	1.00000000000000e-07
1013	1.45025504973669	1.00000000000000e-07
1014	1.45024175735614	1.00000000000000e-07
1015	1.45022962516307	1.00000000000000e-07
1016	1.45021749297000	1.00000000000000e-07
1017	1.45020536077692	1.00000000000000e-07
1018	1.45019322858385	1.00000000000000e-07
1019	1.45018109639078	1.00000000000000e-07
1020	1.45016896419771	1.00000000000000e-07
1021	1.45015683200464	1.00000000000000e-07
1022	1.45014469981157	1.00000000000000e-07
1023	1.45013256761850	1.00000000000000e-07
1024	1.45012043542542	1.00000000000000e-07
1025	1.45010830323235	1.00000000000000e-07
1026	1.45009617103928	1.00000000000000e-07
1027	1.45008403884621	1.00000000000000e-07
1028	1.45007190665314	1.00000000000000e-07
1029	1.45005977446007	1.00000000000000e-07
1030	1.45004764226700	1.00000000000000e-07
1031	1.45003551007392	1.00000000000000e-07
1032	1.45002337788085	1.00000000000000e-07
1033	1.45001124568778	1.00000000000000e-07
1034	1.44999911349471	1.00000000000000e-07
1035	1.44998698130164	1.00000000000000e-07
1036	1.44997484910857	1.00000000000000e-07
1037	1.44996271691550	1.00000000000000e-07
1038	1.44995058472242	1.00000000000000e-07
1039	1.44993845252935	1.00000000000000e-07
1040	1.44992632033628	1.00000000000000e-07
1041	1.44991418814321	1.00000000000000e-07
1042	1.44990205595014	1.00000000000000e-07
1043	1.44988992375707	1.00000000000000e-07
1044	1.44987779156399	1.00000000000000e-07
1045	1.44986565937092	1.00000000000000e-07
1046	1.44985352717785	1.00000000000000e-07
1047	1.44984139498478	1.00000000000000e-07
1048	1.44982926279171	1.00000000000000e-07
1049	1.44981713059864	1.00000000000000e-07
1050	1.44980499840557	1.00000000000000e-07
1051	1.44979286621249	1.00000000000000e-07
1052	1.44978073401942	1.00000000000000e-07
1053	1.44976860182635	1.00000000000000e-07
1054	1.44975646963328	1.00000000000000e-07
1055	1.44974433744021	1.00000000000000e-07
1056	1.44973220524714	1.00000000000000e-07
1057	1.44972007305407	1.00000000000000e-07
1058	1.44970794086099	1.00000000000000e-07
1059	1.44969580866792	1.00000000000000e-07
1060	1.44968367647485	1.00000000000000e-07
1061	1.44967154428178	1.00000000000000e-07
1062	1.44965941208871	1.00000000000000e-07
1063	1.44964727989564	1.00000000000000e-07
1064	1.44963514770257	1.00000000000000e-07
1065	1.44962301550949	1.00000000000000e-07
1066	1.44961088331642	1.00000000000000e-07
1067	1.44959875112335	1.00000000000000e-07
1068	1.44958661893028	1.00000000000000e-07
1069	1.44957448673721	1.00000000000000e-07
1070	1.44956235454414	1.00000000000000e-07
1071	1.44955022235107	1.00000000000000e-07
1072	1.44953809015799	1.00000000000000e-07
1073	1.44952595796492	1.00000000000000e-07
1074	1.44951382577185	1.00000000000000e-07
1075	1.44950169357878	1.00000000000000e-07
1076	1.44948956138571	1.00000000000000e-07
1077	1.44947742919264	1.00000000000000e-07
1078	1.44946529699957	1.00000000000000e-07
1079	1.44945316480649	1.00000000000000e-07
1080	1.44944103261342	1.00000000000000e-07
1081	1.44942890042035	1.00000000000000e-07
1082	1.44941676822728	1.00000000000000e-07
1083	1.44940464806303	1.00000000000000e-07
1084	1.44939291683082	1.00000000000000e-07
1085	1.44938118559860	1.00000000000000e-07
1086	1.44936945436638	1.00000000000000e-07
1087	1.44935772313417	1.00000000000000e-07
1088	1.44934599190195	1.00000000000000e-07
1089	1.44933426066973	1.00000000000000e-07
1090	1.44932252943751	1.00000000000000e-07
1091	1.44931079820530	1.00000000000000e-07
1092	1.44929906697308	1.00000000000000e-07
1093	1.44928733574086	1.00000000000000e-07
1094	1.44927560450865	1.00000000000000e-07
1095	1.44926387327643	1.00000000000000e-07
1096	1.44925214204421	1.00000000000000e-07
1097	1.44924041081199	1.00000000000000e-07
1098	1.44922867957978	1.00000000000000e-07
1099	1.44921694834756	1.00000000000000e-07
1100	1.44920521711534	1.00000000000000e-07
1101	1.44919348588313	1.00000000000000e-07
1102	1.44918175465091	1.00000000000000e-07
1103	1.44917002341869	1.00000000000000e-07
1104	1.44915829218647	1.00000000000000e-07
1105	1.44914656095426	1.00000000000000e-07
1106	1.44913482972204	1.00000000000000e-07
1107	1.44912309848982	1.00000000000000e-07
1108	1.44911136725761	1.00000000000000e-07
1109	1.44909963602539	1.00000000000000e-07
1110	1.44908790479317	1.00000000000000e-07
1111	1.44907617356095	1.00000000000000e-07
1112	1.44906444232874	1.00000000000000e-07
1113	1.44905271109652	1.00000000000000e-07
1114	1.44904097986430	1.00000000000000e-07
1115	1.44902924863209	1.00000000000000e-07
1116	1.44901751739987	1.00000000000000e-07
1117	1.44900578616765	1.00000000000000e-07
1118	1.44899405493543	1.00000000000000e-07
1119	1.44898232370322	1.00000000000000e-07
1120	1.44897059247100	1.00000000000000e-07
1121	1.44895886123878	1.00000000000000e-07
1122	1.44894713000657	1.00000000000000e-07
1123	1.44893539877435	1.00000000000000e-07
1124	1.44892366754213	1.00000000000000e-07
1125	1.44891193630991	1.00000000000000e-07
1126	1.44890020507770	1.00000000000000e-07
1127	1.44888847384548	1.00000000000000e-07
1128	1.44887674261326	1.00000000000000e-07
1129	1.44886513179755	1.00000000000000e-07
1130	1.44885375473152	1.00000000000000e-07
1131	1.44884237766550	1.00000000000000e-07
1132	1.44883100059947	1.00000000000000e-07
1133	1.44881962353344	1.00000000000000e-07
1134	1.44880824646741	1.00000000000000e-07
1135	1.44879686940139	1.00000000000000e-07
1136	1.44878549233536	1.00000000000000e-07
1137	1.44877411526933	1.00000000000000e-07
1138	1.44876273820331	1.00000000000000e-07
1139	1.44875136113728	1.00000000000000e-07
1140	1.44873998407125	1.00000000000000e-07
1141	1.44872860700522	1.00000000000000e-07
1142	1.44871722993920	1.00000000000000e-07
1143	1.44870585287317	1.00000000000000e-07
1144	1.44869447580714	1.00000000000000e-07
1145	1.44868309874111	1.00000000000000e-07
1146	1.44867172167509	1.00000000000000e-07
1147	1.44866034460906	1.00000000000000e-07
1148	1.44864896754303	1.00000000000000e-07
1149	1.44863759047701	1.00000000000000e-07
1150	1.44862621341098	1.00000000000000e-07
1151	1.44861483634495	1.00000000000000e-07
1152	1.44860345927892	1.00000000000000e-07
1153	1.44859208221290	1.00000000000000e-07
1154	1.44858070514687	1.00000000000000e-07
1155	1.44856932808084	1.00000000000000e-07
1156	1.44855795101482	1.00000000000000e-07
1157	1.44854657394879	1.00000000000000e-07
1158	1.44853519688276	1.00000000000000e-07
1159	1.44852381981673	1.00000000000000e-07
1160	1.44851244275071	1.00000000000000e-07
1161	1.44850106568468	1.00000000000000e-07
1162	1.44848968861865	1.00000000000000e-07
1163	1.44847831155262	1.00000000000000e-07
1164	1.44846693448660	1.00000000000000e-07
1165	1.44845555742057	1.00000000000000e-07
1166	1.44844418035454	1.00000000000000e-07
1167	1.44843280328852	1.00000000000000e-07
1168	1.44842142622249	1.00000000000000e-07
1169	1.44841004915646	1.00000000000000e-07
1170	1.44839867209043	1.00000000000000e-07
1171	1.44838729502441	1.00000000000000e-07
1172	1.44837591795838	1.00000000000000e-07
1173	1.44836454089235	1.00000000000000e-07
1174	1.44835316382633	1.00000000000000e-07
1175	1.44834178676030	1.00000000000000e-07
1176	1.44833040969427	1.00000000000000e-07
1177	1.44831903262824	1.00000000000000e-07
1178	1.44830765556222	1.00000000000000e-07
1179	1.44829627849619	1.00000000000000e-07
1180	1.44828490143016	1.00000000000000e-07
1181	1.44827352436413	1.00000000000000e-07
1182	1.44826214729811	1.00000000000000e-07
1183	1.44825077023208	1.00000000000000e-07
1184	1.44823939316605	1.00000000000000e-07
1185	1.44822801610003	1.00000000000000e-07
1186	1.44821663903400	1.00000000000000e-07
1187	1.44820526196797	1.00000000000000e-07
1188	1.44819388490194	1.00000000000000e-07
1189	1.44818250783592	1.00000000000000e-07
1190	1.44817113076989	1.00000000000000e-07
1191	1.44815975370386	1.00000000000000e-07
1192	1.44814837663784	1.00000000000000e-07
1193	1.44813699957181	1.00000000000000e-07
1194	1.44812562250578	1.00000000000000e-07
1195	1.44811424543975	1.00000000000000e-07
1196	1.44810286837373	1.00000000000000e-07
1197	1.44809149130770	1.00000000000000e-07
1198	1.44808011424167	1.00000000000000e-07
1199	1.44806873717564	1.00000000000000e-07
1200	1.44805736010962	1.00000000000000e-07
1201	1.44804598304359	1.00000000000000e-07
1202	1.44803460597756	1.00000000000000e-07
1203	1.44802322891154	1.00000000000000e-07
1204	1.44801185184551	1.00000000000000e-07
1205	1.44800047477948	1.00000000000000e-07
1206	1.44798909771345	1.00000000000000e-07
1207	1.44797772064743	1.00000000000000e-07
1208	1.44796634358140	1.00000000000000e-07
1209	1.44795496651537	1.00000000000000e-07
1210	1.44794358944934	1.00000000000000e-07
1211	1.44793221238332	1.00000000000000e-07
1212	1.44792083531729	1.00000000000000e-07
1213	1.44790945825126	1.00000000000000e-07
1214	1.44789808118524	1.00000000000000e-07
1215	1.44788670411921	1.00000000000000e-07
1216	1.44787532705318	1.00000000000000e-07
1217	1.44786394998715	1.00000000000000e-07
1218	1.44785257292113	1.00000000000000e-07
1219	1.44784119585510	1.00000000000000e-07
1220	1.44782981878907	1.00000000000000e-07
1221	1.44781844172305	1.00000000000000e-07
1222	1.44780706465702	1.00000000000000e-07
1223	1.44779568759099	1.00000000000000e-07
1224	1.44778431052496	1.00000000000000e-07
1225	1.44777293345894	1.00000000000000e-07
1226	1.44776155639291	1.00000000000000e-07
1227	1.44775017932688	1.00000000000000e-07
1228	1.44773880226085	1.00000000000000e-07
1229	1.44772742519483	1.00000000000000e-07
1230	1.44771604812880	1.00000000000000e-07
1231	1.44770467106277	1.00000000000000e-07
1232	1.44769329399675	1.00000000000000e-07
1233	1.44768191693072	1.00000000000000e-07
1234	1.44767053986469	1.00000000000000e-07
1235	1.44765916279866	1.00000000000000e-07
1236	1.44764778573264	1.00000000000000e-07
1237	1.44763640866661	1.00000000000000e-07
1238	1.44762503160058	1.00000000000000e-07
1239	1.44761365453456	1.00000000000000e-07
1240	1.44760227746853	1.00000000000000e-07
1241	1.44759090040250	1.00000000000000e-07
1242	1.44757952333647	1.00000000000000e-07
1243	1.44756814627045	1.00000000000000e-07
1244	1.44755676920442	1.00000000000000e-07
1245	1.44754539213839	1.00000000000000e-07
1246	1.44753401507236	1.00000000000000e-07
1247	1.44752263800634	1.00000000000000e-07
1248	1.44751126094031	1.00000000000000e-07
1249	1.44749988387428	1.00000000000000e-07
1250	1.44748850680826	1.00000000000000e-07
1251	1.44747712974223	1.00000000000000e-07
1252	1.44746575267620	1.00000000000000e-07
1253	1.44745437561017	1.00000000000000e-07
1254	1.44744299854415	1.00000000000000e-07
1255	1.44743162147812	1.00000000000000e-07
1256	1.44742024441209	1.00000000000000e-07
1257	1.44740886734607	1.00000000000000e-07
1258	1.44739749028004	1.00000000000000e-07
1259	1.44738611321401	1.00000000000000e-07
1260	1.44737473614798	1.00000000000000e-07
1261	1.44736335908196	1.00000000000000e-07
1262	1.44735198201593	1.00000000000000e-07
1263	1.44734060494990	1.00000000000000e-07
1264	1.44732922788387	1.00000000000000e-07
1265	1.44731785081785	1.00000000000000e-07
1266	1.44730647375182	1.00000000000000e-07
1267	1.44729509668579	1.00000000000000e-07
1268	1.44728371961977	1.00000000000000e-07
1269	1.44727234255374	1.00000000000000e-07
1270	1.44726096548771	1.00000000000000e-07
1271	1.44724958842168	1.00000000000000e-07
1272	1.44723821135566	1.00000000000000e-07
1273	1.44722683428963	1.00000000000000e-07
1274	1.44721545722360	1.00000000000000e-07
1275	1.44720408015757	1.00000000000000e-07
1276	1.44719270309155	1.00000000000000e-07
1277	1.44718132602552	1.00000000000000e-07
1278	1.44716994895949	1.00000000000000e-07
1279	1.44715857189347	1.00000000000000e-07
1280	1.44714719482744	1.00000000000000e-07
1281	1.44713581776141	1.00000000000000e-07
1282	1.44712444069538	1.00000000000000e-07
1283	1.44711306362936	1.00000000000000e-07
1284	1.44710168656333	1.00000000000000e-07
1285	1.44709030949730	1.00000000000000e-07
1286	1.44707893243128	1.00000000000000e-07
1287	1.44706755536525	1.00000000000000e-07
1288	1.44705617829922	1.00000000000000e-07
1289	1.44704480123319	1.00000000000000e-07
1290	1.44703342416717	1.00000000000000e-07
1291	1.44702204710114	1.00000000000000e-07
1292	1.44701067003511	1.00000000000000e-07
1293	1.44699929296908	1.00000000000000e-07
1294	1.44698791590306	1.00000000000000e-07
1295	1.44697653883703	1.00000000000000e-07
1296	1.44696516177100	1.00000000000000e-07
1297	1.44695378470498	1.00000000000000e-07
1298	1.44694240763895	1.00000000000000e-07
1299	1.44693103057292	1.00000000000000e-07
1300	1.44691965350689	1.00000000000000e-07
1301	1.44690827644087	1.00000000000000e-07
1302	1.44689689937484	1.00000000000000e-07
1303	1.44688552230881	1.00000000000000e-07
1304	1.44687414524279	1.00000000000000e-07
1305	1.44686276817676	1.00000000000000e-07
1306	1.44685139111073	1.00000000000000e-07
1307	1.44684001404470	1.00000000000000e-07
1308	1.44682863697868	1.00000000000000e-07
1309	1.44681725991265	1.00000000000000e-07
1310	1.44680588284662	1.00000000000000e-07
1311	1.44679450578059	1.00000000000000e-07
1312	1.44678312871457	1.00000000000000e-07
1313	1.44677175164854	1.00000000000000e-07
1314	1.44676037458251	1.00000000000000e-07
1315	1.44674899751649	1.00000000000000e-07
1316	1.44673762045046	1.00000000000000e-07
1317	1.44672624338443	1.00000000000000e-07
1318	1.44671486631840	1.00000000000000e-07
1319	1.44670348925238	1.00000000000000e-07
1320	1.44669211218635	1.00000000000000e-07
1321	1.44668073512032	1.00000000000000e-07
1322	1.44666935805429	1.00000000000000e-07
1323	1.44665798098827	1.00000000000000e-07
1324	1.44664660392224	1.00000000000000e-07
1325	1.44663522685621	1.00000000000000e-07
1326	1.44662384979019	1.00000000000000e-07
1327	1.44661247272416	1.00000000000000e-07
1328	1.44660109565813	1.00000000000000e-07
1329	1.44658971859210	1.00000000000000e-07
1330	1.44657834152608	1.00000000000000e-07
1331	1.44656696446005	1.00000000000000e-07
1332	1.44655558739402	1.00000000000000e-07
1333	1.44654421032800	1.00000000000000e-07
1334	1.44653283326197	1.00000000000000e-07
1335	1.44652145619594	1.00000000000000e-07
1336	1.44651007912991	1.00000000000000e-07
1337	1.44649870206389	1.00000000000000e-07
1338	1.44648732499786	1.00000000000000e-07
1339	1.44647594793183	1.00000000000000e-07
1340	1.44646457086580	1.00000000000000e-07
1341	1.44645319379978	1.00000000000000e-07
1342	1.44644181673375	1.00000000000000e-07
1343	1.44643043966772	1.00000000000000e-07
1344	1.44641906260170	1.00000000000000e-07
1345	1.44640768553567	1.00000000000000e-07
1346	1.44639630846964	1.00000000000000e-07
1347	1.44638493140361	1.00000000000000e-07
1348	1.44637355433759	1.00000000000000e-07
1349	1.44636217727156	1.00000000000000e-07
1350	1.44635080020553	1.00000000000000e-07
1351	1.44633942313951	1.00000000000000e-07
1352	1.44632804607348	1.00000000000000e-07
1353	1.44631666900745	1.00000000000000e-07
1354	1.44630529194142	1.00000000000000e-07
1355	1.44629391487540	1.00000000000000e-07
1356	1.44628253780937	1.00000000000000e-07
1357	1.44627116074334	1.00000000000000e-07
1358	1.44625978367731	1.00000000000000e-07
1359	1.44624840661129	1.00000000000000e-07
1360	1.44623702954526	1.00000000000000e-07
1361	1.44622565247923	1.00000000000000e-07
1362	1.44621427541321	1.00000000000000e-07
1363	1.44620284601339	1.00000000000000e-07
1364	1.44619140353013	1.00000000000000e-07
1365	1.44617996104687	1.00000000000000e-07
1366	1.44616851856360	1.00000000000000e-07
1367	1.44615707608034	1.00000000000000e-07
1368	1.44614563359708	1.00000000000000e-07
1369	1.44613419111382	1.00000000000000e-07
1370	1.44612274863055	1.00000000000000e-07
1371	1.44611130614729	1.00000000000000e-07
1372	1.44609986366403	1.00000000000000e-07
1373	1.44608842118077	1.00000000000000e-07
1374	1.44607697869750	1.00000000000000e-07
1375	1.44606553621424	1.00000000000000e-07
1376	1.44605409373098	1.00000000000000e-07
1377	1.44604265124772	1.00000000000000e-07
1378	1.44603120876446	1.00000000000000e-07
1379	1.44601976628119	1.00000000000000e-07
1380	1.44600832379793	1.00000000000000e-07
1381	1.44599688131467	1.00000000000000e-07
1382	1.44598543883141	1.00000000000000e-07
1383	1.44597399634814	1.00000000000000e-07
1384	1.44596255386488	1.00000000000000e-07
1385	1.44595111138162	1.00000000000000e-07
1386	1.44593966889836	1.00000000000000e-07
1387	1.44592822641509	1.00000000000000e-07
1388	1.44591678393183	1.00000000000000e-07
1389	1.44590534144857	1.00000000000000e-07
1390	1.44589389896531	1.00000000000000e-07
1391	1.44588245648205	1.00000000000000e-07
1392	1.44587101399878	1.00000000000000e-07
1393	1.44585957151552	1.00000000000000e-07
1394	1.44584812903226	1.00000000000000e-07
1395	1.44583668654900	1.00000000000000e-07
1396	1.44582512761956	1.00000000000000e-07
1397	1.44581356125739	1.00000000000000e-07
1398	1.44580199489522	1.00000000000000e-07
1399	1.44579042853305	1.00000000000000e-07
1400	1.44577886217088	1.00000000000000e-07
1401	1.44576729580870	1.00000000000000e-07
1402	1.44575572944653	1.00000000000000e-07
1403	1.44574416308436	1.00000000000000e-07
1404	1.44573259672219	1.00000000000000e-07
1405	1.44572103036002	1.00000000000000e-07
1406	1.44570946399785	1.00000000000000e-07
1407	1.44569789763568	1.00000000000000e-07
1408	1.44568633127351	1.00000000000000e-07
1409	1.44567476491134	1.00000000000000e-07
1410	1.44566319854917	1.00000000000000e-07
1411	1.44565163218700	1.00000000000000e-07
1412	1.44564006582483	1.00000000000000e-07
1413	1.44562849946265	1.00000000000000e-07
1414	1.44561693310048	1.00000000000000e-07
1415	1.44560536673831	1.00000000000000e-07
1416	1.44559380037614	1.00000000000000e-07
1417	1.44558223401397	1.00000000000000e-07
1418	1.44557066765180	1.00000000000000e-07
1419	1.44555910128963	1.00000000000000e-07
1420	1.44554753492746	1.00000000000000e-07
1421	1.44553596856529	1.00000000000000e-07
1422	1.44552440220312	1.00000000000000e-07
1423	1.44551283584095	1.00000000000000e-07
1424	1.44550126947877	1.00000000000000e-07
1425	1.44548970311660	1.00000000000000e-07
1426	1.44547813675443	1.00000000000000e-07
1427	1.44546657039226	1.00000000000000e-07
1428	1.44545500403009	1.00000000000000e-07
1429	1.44544343766792	1.00000000000000e-07
1430	1.44543187130575	1.00000000000000e-07
1431	1.44542030494358	1.00000000000000e-07
1432	1.44540873858141	1.00000000000000e-07
1433	1.44539717221924	1.00000000000000e-07
1434	1.44538560585707	1.00000000000000e-07
1435	1.44537403949490	1.00000000000000e-07
1436	1.44536247313272	1.00000000000000e-07
1437	1.44535090677055	1.00000000000000e-07
1438	1.44533934040838	1.00000000000000e-07
1439	1.44532777404621	1.00000000000000e-07
1440	1.44531620768404	1.00000000000000e-07
1441	1.44530464132187	1.00000000000000e-07
1442	1.44529307495970	1.00000000000000e-07
1443	1.44528150859753	1.00000000000000e-07
1444	1.44526994223536	1.00000000000000e-07
1445	1.44525837587319	1.00000000000000e-07
1446	1.44524680951102	1.00000000000000e-07
1447	1.44523524314884	1.00000000000000e-07
1448	1.44522367678667	1.00000000000000e-07
1449	1.44521211042450	1.00000000000000e-07
1450	1.44520054406233	1.00000000000000e-07
1451	1.44518897770016	1.00000000000000e-07
1452	1.44517741133799	1.00000000000000e-07
1453	1.44516584497582	1.00000000000000e-07
1454	1.44515427861365	1.00000000000000e-07
1455	1.44514271225148	1.00000000000000e-07
1456	1.44513114588931	1.00000000000000e-07
1457	1.44511957952714	1.00000000000000e-07
1458	1.44510801316497	1.00000000000000e-07
1459	1.44509644680279	1.00000000000000e-07
1460	1.44508488044062	1.00000000000000e-07
1461	1.44507331407845	1.00000000000000e-07
1462	1.44506174771628	1.00000000000000e-07
1463	1.44505018135411	1.00000000000000e-07
1464	1.44503861499194	1.00000000000000e-07
1465	1.44502704862977	1.00000000000000e-07
1466	1.44501548226760	1.00000000000000e-07
1467	1.44500391590543	1.00000000000000e-07
1468	1.44499234954326	1.00000000000000e-07
1469	1.44498078318109	1.00000000000000e-07
1470	1.44496911029657	1.00000000000000e-07
1471	1.44495733088970	1.00000000000000e-07
1472	1.44494555148284	1.00000000000000e-07
1473	1.44493377207597	1.00000000000000e-07
1474	1.44492199266911	1.00000000000000e-07
1475	1.44491021326225	1.00000000000000e-07
1476	1.44489843385538	1.00000000000000e-07
1477	1.44488665444852	1.00000000000000e-07
1478	1.44487487504165	1.00000000000000e-07
1479	1.44486309563479	1.00000000000000e-07
1480	1.44485131622792	1.00000000000000e-07
1481	1.44483953682106	1.00000000000000e-07
1482	1.44482775741420	1.00000000000000e-07
1483	1.44481597800733	1.00000000000000e-07
1484	1.44480419860047	1.00000000000000e-07
1485	1.44479241919360	1.00000000000000e-07
1486	1.44478063978674	1.00000000000000e-07
1487	1.44476886037987	1.00000000000000e-07
1488	1.44475708097301	1.00000000000000e-07
1489	1.44474530156614	1.00000000000000e-07
1490	1.44473352215928	1.00000000000000e-07
1491	1.44472174275242	1.00000000000000e-07
1492	1.44470996334555	1.00000000000000e-07
1493	1.44469818393869	1.00000000000000e-07
1494	1.44468640453182	1.00000000000000e-07
1495	1.44467462512496	1.00000000000000e-07
1496	1.44466284571809	1.00000000000000e-07
1497	1.44465106631123	1.00000000000000e-07
1498	1.44463928690437	1.00000000000000e-07
1499	1.44462750749750	1.00000000000000e-07
1500	1.44461572809064	1.00000000000000e-07
1501	1.44460394868377	1.00000000000000e-07
1502	1.44459216927691	1.00000000000000e-07
1503	1.44458038987004	1.00000000000000e-07
1504	1.44456861046318	1.00000000000000e-07
1505	1.44455683105631	1.00000000000000e-07
1506	1.44454505164945	1.00000000000000e-07
1507	1.44453327224259	1.00000000000000e-07
1508	1.44452149283572	1.00000000000000e-07
1509	1.44450971342886	1.00000000000000e-07
1510	1.44449793402199	1.00000000000000e-07
1511	1.44448615461513	1.00000000000000e-07
1512	1.44447437520826	1.00000000000000e-07
1513	1.44446259580140	1.00000000000000e-07
1514	1.44445081639454	1.00000000000000e-07
1515	1.44443903698767	1.00000000000000e-07
1516	1.44442725758081	1.00000000000000e-07
1517	1.44441547817394	1.00000000000000e-07
1518	1.44440369876708	1.00000000000000e-07
1519	1.44439191936021	1.00000000000000e-07
1520	1.44438013995335	1.00000000000000e-07
1521	1.44436836054648	1.00000000000000e-07
1522	1.44435658113962	1.00000000000000e-07
1523	1.44434480173276	1.00000000000000e-07
1524	1.44433302232589	1.00000000000000e-07
1525	1.44432124291903	1.00000000000000e-07
1526	1.44430946351216	1.00000000000000e-07
1527	1.44429768410530	1.00000000000000e-07
1528	1.44428590469843	1.00000000000000e-07
1529	1.44427412529157	1.00000000000000e-07
1530	1.44426214830638	1.00000000000000e-07
1531	1.44424995727800	1.00000000000000e-07
1532	1.44423776624962	1.00000000000000e-07
1533	1.44422557522124	1.00000000000000e-07
1534	1.44421338419286	1.00000000000000e-07
1535	1.44420119316448	1.00000000000000e-07
1536	1.44418900213610	1.00000000000000e-07
1537	1.44417681110772	1.00000000000000e-07
1538	1.44416462007934	1.00000000000000e-07
1539	1.44415242905096	1.00000000000000e-07
1540	1.44414023802258	1.00000000000000e-07
1541	1.44412804699420	1.00000000000000e-07
1542	1.44411585596582	1.00000000000000e-07
1543	1.44410366493744	1.00000000000000e-07
1544	1.44409147390906	1.00000000000000e-07
1545	1.44407928288068	1.00000000000000e-07
1546	1.44406709185230	1.00000000000000e-07
1547	1.44405490082392	1.00000000000000e-07
1548	1.44404270979554	1.00000000000000e-07
1549	1.44403051876717	1.00000000000000e-07
1550	1.44401832773879	1.00000000000000e-07
1551	1.44400613671041	1.00000000000000e-07
1552	1.44399394568203	1.00000000000000e-07
1553	1.44398175465365	1.00000000000000e-07
1554	1.44396956362527	1.00000000000000e-07
1555	1.44395737259689	1.00000000000000e-07
1556	1.44394518156851	1.00000000000000e-07
1557	1.44393299054013	1.00000000000000e-07
1558	1.44392079951175	1.00000000000000e-07
1559	1.44390860848337	1.00000000000000e-07
1560	1.44389641745499	1.00000000000000e-07
1561	1.44388422642661	1.00000000000000e-07
1562	1.44387203539823	1.00000000000000e-07
1563	1.44385984436985	1.00000000000000e-07
1564	1.44384765334147	1.00000000000000e-07
1565	1.44383546231309	1.00000000000000e-07
1566	1.44382327128471	1.00000000000000e-07
1567	1.44381108025633	1.00000000000000e-07
1568	1.44379888922795	1.00000000000000e-07
1569	1.44378669819957	1.00000000000000e-07
1570	1.44377450717119	1.00000000000000e-07
1571	1.44376231614281	1.00000000000000e-07
1572	1.44375012511443	1.00000000000000e-07
1573	1.44373793408605	1.00000000000000e-07
1574	1.44372574305767	1.00000000000000e-07
1575	1.44371355202930	1.00000000000000e-07
1576	1.44370136100092	1.00000000000000e-07
1577	1.44368916997254	1.00000000000000e-07
1578	1.44367697894416	1.00000000000000e-07
1579	1.44366478791578	1.00000000000000e-07
1580	1.44365259688740	1.00000000000000e-07
1581	1.44364040585902	1.00000000000000e-07
1582	1.44362821483064	1.00000000000000e-07
1583	1.44361602380226	1.00000000000000e-07
1584	1.44360383277388	1.00000000000000e-07
1585	1.44359164174550	1.00000000000000e-07
1586	1.44357945071712	1.00000000000000e-07
1587	1.44356725968874	1.00000000000000e-07
1588	1.44355506866036	1.00000000000000e-07
1589	1.44354287763198	1.00000000000000e-07
1590	1.44353068660360	1.00000000000000e-07
1591	1.44351849557522	1.00000000000000e-07
1592	1.44350630454684	1.00000000000000e-07
1593	1.44349411351846	1.00000000000000e-07
1594	1.44348192249008	1.00000000000000e-07
1595	1.44346973146170	1.00000000000000e-07
1596	1.44345754043332	1.00000000000000e-07
1597	1.44344534940494	1.00000000000000e-07
1598	1.44343315837656	1.00000000000000e-07
1599	1.44342096734818	1.00000000000000e-07
1600	1.44340877631980	1.00000000000000e-07
1601	1.44339658529143	1.00000000000000e-07
1602	1.44338439426305	1.00000000000000e-07
1603	1.44337220323467	1.00000000000000e-07
1604	1.44336001220629	1.00000000000000e-07
1605	1.44334782117791	1.00000000000000e-07
1606	1.44333563014953	1.00000000000000e-07
1607	1.44332343912115	1.00000000000000e-07
1608	1.44331124809277	1.00000000000000e-07
1609	1.44329905706439	1.00000000000000e-07
1610	1.44328686603601	1.00000000000000e-07
1611	1.44327467500763	1.00000000000000e-07
1612	1.44326248397925	1.00000000000000e-07
1613	1.44325029295087	1.00000000000000e-07
1614	1.44323810192249	1.00000000000000e-07
1615	1.44322591089411	1.00000000000000e-07
1616	1.44321371986573	1.00000000000000e-07
1617	1.44320152883735	1.00000000000000e-07
1618	1.44318933780897	1.00000000000000e-07
1619	1.44317714678059	1.00000000000000e-07
1620	1.44316495575221	1.00000000000000e-07
1621	1.44315276472383	1.00000000000000e-07
1622	1.44314057369545	1.00000000000000e-07
1623	1.44312838266707	1.00000000000000e-07
1624	1.44311619163869	1.00000000000000e-07
1625	1.44310400061031	1.00000000000000e-07
1626	1.44309180958193	1.00000000000000e-07
1627	1.44307961855356	1.00000000000000e-07
1628	1.44306742752518	1.00000000000000e-07
1629	1.44305523649680	1.00000000000000e-07
1630	1.44304304546842	1.00000000000000e-07
1631	1.44303085444004	1.00000000000000e-07
1632	1.44301866341166	1.00000000000000e-07
1633	1.44300647238328	1.00000000000000e-07
1634	1.44299428135490	1.00000000000000e-07
1635	1.44298209032652	1.00000000000000e-07
1636	1.44296989929814	1.00000000000000e-07
1637	1.44295770826976	1.00000000000000e-07
1638	1.44294551724138	1.00000000000000e-07
1639	1.44293332621300	1.00000000000000e-07
1640	1.44292113518462	1.00000000000000e-07
1641	1.44290894415624	1.00000000000000e-07
1642	1.44289675312786	1.00000000000000e-07
1643	1.44288456209948	1.00000000000000e-07
1644	1.44287237107110	1.00000000000000e-07
1645	1.44286018004272	1.00000000000000e-07
1646	1.44284798901434	1.00000000000000e-07
1647	1.44283579798596	1.00000000000000e-07
1648	1.44282360695758	1.00000000000000e-07
1649	1.44281141592920	1.00000000000000e-07
1650	1.44279922490082	1.00000000000000e-07
1651	1.44278703387244	1.00000000000000e-07
1652	1.44277484284406	1.00000000000000e-07
1653	1.44276265181569	1.00000000000000e-07
1654	1.44275046078731	1.00000000000000e-07
1655	1.44273826975893	1.00000000000000e-07
1656	1.44272607873055	1.00000000000000e-07
1657	1.44271388770217	1.00000000000000e-07
1658	1.44270169667379	1.00000000000000e-07
1659	1.44268950564541	1.00000000000000e-07
1660	1.44267731461703	1.00000000000000e-07
1661	1.44266498039216	1.00000000000000e-07
1662	1.44265243137255	1.00000000000000e-07
1663	1.44263988235294	1.00000000000000e-07
1664	1.44262733333333	1.00000000000000e-07
1665	1.44261478431373	1.00000000000000e-07
1666	1.44260223529412	1.00000000000000e-07
1667	1.44258968627451	1.00000000000000e-07
1668	1.44257713725490	1.00000000000000e-07
1669	1.44256458823529	1.00000000000000e-07
1670	1.44255203921569	1.00000000000000e-07
1671	1.44253949019608	1.00000000000000e-07
1672	1.44252694117647	1.00000000000000e-07
1673	1.44251439215686	1.00000000000000e-07
1674	1.44250184313726	1.00000000000000e-07
1675	1.44248929411765	1.00000000000000e-07
1676	1.44247674509804	1.00000000000000e-07
1677	1.44246419607843	1.00000000000000e-07
1678	1.44245164705882	1.00000000000000e-07
1679	1.44243909803922	1.00000000000000e-07
1680	1.44242654901961	1.00000000000000e-07
1681	1.44241400000000	1.00000000000000e-07
1682	1.44240137704918	1.00000000000000e-07
1683	1.44238875409836	1.00000000000000e-07
1684	1.44237613114754	1.00000000000000e-07
1685	1.44236350819672	1.00000000000000e-07
1686	1.44235088524590	1.00000000000000e-07
1687	1.44233826229508	1.00000000000000e-07
1688	1.44232563934426	1.00000000000000e-07
1689	1.44231301639344	1.00000000000000e-07
1690	1.44230039344262	1.00000000000000e-07
1691	1.44228777049180	1.00000000000000e-07
1692	1.44227514754098	1.00000000000000e-07
1693	1.44226252459016	1.00000000000000e-07
1694	1.44224980539862	1.00000000000000e-07
1695	1.44223706214689	1.00000000000000e-07
1696	1.44222431889517	1.00000000000000e-07
1697	1.44221157564344	1.00000000000000e-07
1698	1.44219883239171	1.00000000000000e-07
1699	1.44218608913999	1.00000000000000e-07
1700	1.44217334588826	1.00000000000000e-07
1701	1.44216060263654	1.00000000000000e-07
1702	1.44214785938481	1.00000000000000e-07
1703	1.44213511613308	1.00000000000000e-07
1704	1.44212237288136	1.00000000000000e-07
1705	1.44210962962963	1.00000000000000e-07
1706	1.44209688637790	1.00000000000000e-07
1707	1.44208414312618	1.00000000000000e-07
1708	1.44207139987445	1.00000000000000e-07
1709	1.44205865662272	1.00000000000000e-07
1710	1.44204563324995	1.00000000000000e-07
1711	1.44203256802001	1.00000000000000e-07
1712	1.44201950279007	1.00000000000000e-07
1713	1.44200643756013	1.00000000000000e-07
1714	1.44199337233019	1.00000000000000e-07
1715	1.44198030710025	1.00000000000000e-07
1716	1.44196724187031	1.00000000000000e-07
1717	1.44195417664037	1.00000000000000e-07
1718	1.44194111141043	1.00000000000000e-07
1719	1.44192804618049	1.00000000000000e-07
1720	1.44191498095055	1.00000000000000e-07
1721	1.44190191572061	1.00000000000000e-07
1722	1.44188885049067	1.00000000000000e-07
1723	1.44187578526073	1.00000000000000e-07
1724	1.44186272003079	1.00000000000000e-07
1725	1.44184965480085	1.00000000000000e-07
1726	1.44183658957091	1.00000000000000e-07
1727	1.44182352434097	1.00000000000000e-07
1728	1.44181045911103	1.00000000000000e-07
1729	1.44179739388109	1.00000000000000e-07
1730	1.44178432865115	1.00000000000000e-07
1731	1.44177126342120	1.00000000000000e-07
1732	1.44175819819126	1.00000000000000e-07
1733	1.44174513296132	1.00000000000000e-07
1734	1.44173206773138	1.00000000000000e-07
1735	1.44171900250144	1.00000000000000e-07
1736	1.44170593727150	1.00000000000000e-07
1737	1.44169287204156	1.00000000000000e-07
1738	1.44167980681162	1.00000000000000e-07
1739	1.44166674158168	1.00000000000000e-07
1740	1.44165367635174	1.00000000000000e-07
1741	1.44164061112180	1.00000000000000e-07
1742	1.44162754589186	1.00000000000000e-07
1743	1.44161448066192	1.00000000000000e-07
1744	1.44160141543198	1.00000000000000e-07
1745	1.44158835020204	1.00000000000000e-07
1746	1.44157528497210	1.00000000000000e-07
1747	1.44156221974216	1.00000000000000e-07
1748	1.44154915451222	1.00000000000000e-07
1749	1.44153608928228	1.00000000000000e-07
1750	1.44152302405234	1.00000000000000e-07
1751	1.44150995882240	1.00000000000000e-07
1752	1.44149689359246	1.00000000000000e-07
1753	1.44148382836252	1.00000000000000e-07
1754	1.44147076313258	1.00000000000000e-07
1755	1.44145769790264	1.00000000000000e-07
1756	1.44144463267270	1.00000000000000e-07
1757	1.44143156744276	1.00000000000000e-07
1758	1.44141850221282	1.00000000000000e-07
1759	1.44140543698287	1.00000000000000e-07
1760	1.44139237175293	1.00000000000000e-07
1761	1.44137930652299	1.00000000000000e-07
1762	1.44136624129305	1.00000000000000e-07
1763	1.44135317606311	1.00000000000000e-07
1764	1.44134011083317	1.00000000000000e-07
1765	1.44132704560323	1.00000000000000e-07
1766	1.44131398037329	1.00000000000000e-07
1767	1.44130091514335	1.00000000000000e-07
1768	1.44128784991341	1.00000000000000e-07
1769	1.44127478468347	1.00000000000000e-07
1770	1.44126171945353	1.00000000000000e-07
1771	1.44124865422359	1.00000000000000e-07
1772	1.44123558899365	1.00000000000000e-07
1773	1.44122252376371	1.00000000000000e-07
1774	1.44120945853377	1.00000000000000e-07
1775	1.44119639330383	1.00000000000000e-07
1776	1.44118332807389	1.00000000000000e-07
1777	1.44117026284395	1.00000000000000e-07
1778	1.44115719761401	1.00000000000000e-07
1779	1.44114413238407	1.00000000000000e-07
1780	1.44113106715413	1.00000000000000e-07
1781	1.44111800192419	1.00000000000000e-07
1782	1.44110493669425	1.00000000000000e-07
1783	1.44109187146431	1.00000000000000e-07
1784	1.44107880623437	1.00000000000000e-07
1785	1.44106574100443	1.00000000000000e-07
1786	1.44105267577449	1.00000000000000e-07
1787	1.44103961054454	1.00000000000000e-07
1788	1.44102654531460	1.00000000000000e-07
1789	1.44101348008466	1.00000000000000e-07
1790	1.44100041485472	1.00000000000000e-07
1791	1.44098734962478	1.00000000000000e-07
1792	1.44097428439484	1.00000000000000e-07
1793	1.44096121916490	1.00000000000000e-07
1794	1.44094815393496	1.00000000000000e-07
1795	1.44093508870502	1.00000000000000e-07
1796	1.44092202347508	1.00000000000000e-07
1797	1.44090895824514	1.00000000000000e-07
1798	1.44089589301520	1.00000000000000e-07
1799	1.44088282778526	1.00000000000000e-07
1800	1.44086976255532	1.00000000000000e-07