186	12.0790072472277	0.0314627399116583
186.564564564565	12.0815362312057	0.0311397806553165
187.129129129129	12.0840747971150	0.0308188161181552
187.370286250000	12.0851620828472	0.0306823199582737
187.693693693694	12.0866229510747	0.0304998371870616
188.258258258258	12.0891806993437	0.0301828348830778
188.822822822823	12.0917480483189	0.0298678003596160
189.387387387387	12.0943250045342	0.0295547249007047
189.951951951952	12.0969115746590	0.0292435999192559
190.516516516517	12.0995077654972	0.0289344169553609
191.081081081081	12.1021135839860	0.0286271676746117
191.645645645646	12.1047290371944	0.0283218438664449
192.210210210210	12.1073541323222	0.0280184374425108
192.774774774775	12.1099888766992	0.0277169404350670
193.339339339339	12.1126332777834	0.0274173449953944
193.903903903904	12.1152873431606	0.0271196433922343
194.468468468468	12.1179510805430	0.0268238280102515
195.033033033033	12.1206244977683	0.0265298913485167
195.597597597598	12.1233076027984	0.0262378260190089
195.686983028721	12.1237332978220	0.0261917555031136
196.162162162162	12.1260004037191	0.0259476247451428
196.726726726727	12.1287029087384	0.0256592803603135
197.291291291291	12.1314151261860	0.0253727858064615
197.855855855856	12.1341370645122	0.0250881341326589
198.420420420420	12.1368687322873	0.0248053184937146
198.984984984985	12.1396101382005	0.0245243321487959
199.549549549550	12.1423612910590	0.0242451684600724
200.114114114114	12.1451221997874	0.0239678208913746
200.678678678679	12.1478928734268	0.0236922830068721
201.243243243243	12.1506733211341	0.0234185484697689
201.807807807808	12.1534635521809	0.0231466110410141
202.372372372372	12.1562635759535	0.0228764645780315
202.936936936937	12.1590734019515	0.0226081030334638
203.501501501502	12.1618930397871	0.0223415204539327
204.066066066066	12.1647224991852	0.0220767109788144
204.630630630631	12.1675617899817	0.0218136688390317
205.195195195195	12.1704109221238	0.0215523883558587
205.759759759760	12.1732699056685	0.0212928639397407
206.324324324324	12.1761387507829	0.0210350900891298
206.888888888889	12.1790174677429	0.0207790613893313
207.453453453453	12.1819060669329	0.0205247725113652
208.018018018018	12.1848045588452	0.0202722182108418
208.582582582583	12.1877129540798	0.0200213933268472
209.147147147147	12.1906312633432	0.0197722927808441
209.711711711712	12.1935594974485	0.0195249115755826
210.276276276276	12.1964976673146	0.0192792447940242
210.840840840841	12.1994457839658	0.0190352875982764
211.405405405405	12.2024038585316	0.0187930352285393
211.969969969970	12.2053719022457	0.0185524830020615
212.534534534535	12.2083499264460	0.0183136263121085
213.099099099099	12.2113379425742	0.0180764606269409
213.663663663664	12.2143359621751	0.0178409814888004
214.137470000000	12.2168597553960	0.0176446559346647
214.228228228228	12.2173439968965	0.0176071845129081
214.792792792793	12.2203620584887	0.0173750653864725
215.357357357357	12.2233901588041	0.0171446198677024
215.921921921922	12.2264283097971	0.0169158437848335
216.486486486487	12.2294765235233	0.0166887330351615
217.051051051051	12.2325348121398	0.0164632835840813
217.615615615616	12.2356031879044	0.0162394914641378
218.180180180180	12.2386816631755	0.0160173527740826
218.507622448980	12.2404717829933	0.0158892704424728
218.744744744745	12.2417702504117	0.0157968636779358
219.309309309309	12.2448689621719	0.0155780204040596
219.873873873874	12.2479778111145	0.0153608192442340
220.438438438438	12.2510968099976	0.0151452565527414
221.003003003003	12.2542259716787	0.0149313287454573
221.567567567568	12.2573653091142	0.0147190322989464
222.132132132132	12.2605148353595	0.0145083637495629
222.696696696697	12.2636745635688	0.0142993196925585
223.261261261261	12.2668445069947	0.0140918967811956
223.825825825826	12.2700246789881	0.0138860917258598
224.390390390390	12.2732150929982	0.0136819012931858
224.954954954955	12.2764157625724	0.0134793223051797
225.519519519520	12.2796267013559	0.0132783516383481
226.084084084084	12.2828479230915	0.0130789862228313
226.648648648649	12.2860794416200	0.0128812230415391
227.213213213213	12.2893212708797	0.0126850591292880
227.777777777778	12.2925734249064	0.0124904915719444
228.342342342342	12.2958359178334	0.0122975175055675
228.906906906907	12.2991087638911	0.0121061341155539
229.471471471471	12.3023919774077	0.0119163386357859
230.036036036036	12.3056855728081	0.0117281283477814
230.600600600601	12.3089895646150	0.0115415005798403
231.165165165165	12.3123039674480	0.0113564527061991
231.729729729730	12.3156287960239	0.0111729821461793
232.294294294294	12.3189640651569	0.0109910863633392
232.858858858859	12.3223097897584	0.0108107628646260
233.423423423423	12.3256659848368	0.0106320091995241
233.987987987988	12.3290326654982	0.0104548229592067
234.552552552553	12.3324098469458	0.0102792017756839
235.117117117117	12.3357975444801	0.0101051433209482
235.681681681682	12.3391957734995	0.00993264530612052
236.246246246246	12.3426045494994	0.00976170548059353
236.810810810811	12.3460238880733	0.00959232163116922
237.375375375375	12.3494538049123	0.00942449158119936
237.939939939940	12.3528943158053	0.00925821318971586
238.504504504505	12.3563454366392	0.00909348435056327
239.069069069069	12.3598071833993	0.00893030299152285
239.633633633634	12.3632795721689	0.00876866707343539
240.198198198198	12.3667626191298	0.00860857458931519
240.762762762763	12.3702563405625	0.00845002356346375
241.327327327327	12.3737607528465	0.00829301205057348
241.891891891892	12.3772758724600	0.00813753813482578
242.456456456456	12.3808017159806	0.00798359992898549
243.021021021021	12.3843383000854	0.00783119557348468
243.585585585586	12.3878856415512	0.00768032323550073
244.150150150150	12.3914437572547	0.00753098110802580
244.714714714715	12.3950126641728	0.00738316740892873
245.279279279279	12.3985923793831	0.00723688038000574
245.843843843844	12.4021829200637	0.00709211828602471
246.408408408408	12.4057843034942	0.00694887941375678
246.972972972973	12.4093965470552	0.00680716207099903
247.537537537538	12.4130196682294	0.00666696458558481
248.102102102102	12.4166536846015	0.00652828530438437
248.666666666667	12.4202986138586	0.00639112259229040
249.231231231231	12.4239544737909	0.00625547483119340
249.795795795796	12.4276212822915	0.00612134041894333
249.827048333333	12.4278245855744	0.00611395932931826
250.360360360360	12.4312990573575	0.00598871776829479
250.924924924925	12.4349878170901	0.00585760530584034
251.489489489490	12.4386875796947	0.00572800147092824
252.054054054054	12.4423983634822	0.00559990471456098
252.618618618619	12.4461201868687	0.00547331349828250
253.183183183183	12.4498530683763	0.00534822629304353
253.747747747748	12.4535970266337	0.00522464157805012
254.312312312312	12.4573520803766	0.00510255783959423
254.876876876877	12.4611182484483	0.00498197356986450
255.441441441441	12.4648955498005	0.00486288726573379
256.006006006006	12.4686840034932	0.00474529742753042
256.570570570571	12.4724836286963	0.00462920255778325
257.135135135135	12.4762944446894	0.00451460115994400
257.699699699700	12.4801164708629	0.00440149173708900
258.264264264264	12.4839497267186	0.00428987279059172
258.828828828829	12.4877942318704	0.00417974281877147
259.393393393393	12.4916500060449	0.00407110031551765
259.957957957958	12.4955170690823	0.00396394376887978
260.522522522523	12.4993954409373	0.00385827165963669
261.087087087087	12.5032851416796	0.00375408245982915
261.651651651652	12.5071861914950	0.00365137463126318
262.056344405595	12.5099895476815	0.00357866198493771
262.216216216216	12.5110986106860	0.00355014662398424
262.780780780781	12.5150224196730	0.00345039687471269
263.345345345345	12.5189576389951	0.00335212380524781
263.909909909910	12.5229042893109	0.00325532582083594
264.474474474474	12.5268623913997	0.00316000130849811
265.039039039039	12.5308319661625	0.00306614863532217
265.603603603604	12.5348130346228	0.00297376614671275
266.009279503106	12.5376807966047	0.00290829022188067
266.168168168168	12.5388056179280	0.00288285216460028
266.732732732733	12.5428097373506	0.00279340498560570
267.297297297297	12.5468254142889	0.00270542287916196
267.861861861862	12.5508526702685	0.00261890408558712
268.426426426426	12.5548915269439	0.00253384681410920
268.990990990991	12.5589420060989	0.00245024924084353
269.555555555556	12.5630041296488	0.00236810950671511
270.120120120120	12.5670779196415	0.00228742571532722
270.684684684685	12.5711633982586	0.00220819593077845
271.249249249249	12.5752605878175	0.00213041817541591
271.813813813814	12.5793695107723	0.00205409042753152
272.378378378378	12.5834901897157	0.00197921061899786
272.942942942943	12.5876226473809	0.00190577663283512
273.507507507508	12.5917669066428	0.00183378630071461
274.072072072072	12.5959229905199	0.00176323740039139
274.636636636637	12.6000909221765	0.00169412765306615
275.201201201201	12.6042707249241	0.00162645472067031
275.765765765766	12.6084624222236	0.00156021620307609
276.330330330330	12.6126660376873	0.00149540963522576
276.894894894895	12.6168815950811	0.00143203248417514
277.459459459460	12.6211091183265	0.00137008214605503
278.024024024024	12.6253486315029	0.00130955594294078
278.100610389610	12.6259246702632	0.00130145477192162
278.588588588589	12.6296001588501	0.00125045111962682
279.153153153153	12.6338637247708	0.00119276484030995
279.717717717718	12.6381393538327	0.00113649418516735
280.282282282282	12.6424270707717	0.00108163614683419
280.846846846847	12.6467269004941	0.00102818762677225
281.411411411411	12.6510388680798	0.000976145431526868
281.975975975976	12.6553629987852	0.000925506268867657
282.540540540541	12.6596993180462	0.000876266743809508
283.105105105105	12.6640478514813	0.000828423354507411
283.669669669670	12.6684086248949	0.000781972488022857
284.234234234234	12.6727816642812	0.000736910415954653
284.798798798799	12.6771669958271	0.000693233289928368
285.363363363363	12.6815646459164	0.000650937136944418
285.927927927928	12.6859746411334	0.000610017854571446
286.492492492493	12.6903970082673	0.000570471205984677
287.057057057057	12.6948317743160	0.000532292814839429
287.621621621622	12.6992789664907	0.000495478159979274
288.186186186186	12.7037386122205	0.000460022569964781
288.750750750751	12.7082107391571	0.000425921217421722
289.315315315315	12.7126953751796	0.000393169113197742
289.879879879880	12.7171925484001	0.000361761100324688
290.215351403679	12.7198707764119	0.000343732509195845
290.444444444444	12.7217022871687	0.000331691847771640
291.009009009009	12.7262246200791	0.000302955843989108
291.573573573574	12.7307595759751	0.000275547390229725
292.138138138138	12.7353071839558	0.000249460593637216
292.702702702703	12.7398674733830	0.000224689360099659
293.267267267267	12.7444404738871	0.000201227386849717
293.831831831832	12.7490262153745	0.000179068154809225
294.396396396396	12.7536247280351	0.000158204920662416
294.960960960961	12.7582360423494	0.000138630708648960
295.525525525526	12.7628601890970	0.000120338302067889
296.090090090090	12.7674971993650	0.000103320234475623
296.654654654655	12.7721471045563	8.75687805709721e-05
297.219219219219	12.7768099363994	7.30759467504269e-05
297.783783783784	12.7814857269577	5.98334613238979e-05
298.348348348348	12.7861745086395	4.78327643728960e-05
298.912912912913	12.7908763142090	3.70649972415774e-05
299.477477477478	12.7955911767970	2.75209916432428e-05
300.042042042042	12.8003191299127	1.91912583630688e-05
300.606606606607	12.8050602074560	1.20659755509511e-05
301.171171171171	12.8098144437301	6.13497657367401e-06
301.735735735736	12.8145818734552	1.38773742081738e-06
302.240606916020	12.8188564296047	-1.86382139347185e-06
302.300300300300	12.8193625317827	-2.18663635902228e-06
302.864864864865	12.8241564543096	-4.59942321219542e-06
303.429429429429	12.8289636770948	-5.86229964166796e-06
303.993993993994	12.8337842366750	-5.98735479719753e-06
304.558558558559	12.8386181700822	-4.98710561626370e-06
305.123123123123	12.8434655148620	-2.87451253712379e-06
305.687687687688	12.8483263090927	3.37004190394119e-07
306.252252252252	12.8532005914052	4.63354757661294e-06
306.816816816817	12.8580884010047	1.00007263176272e-05
307.381381381381	12.8629897776928	1.64236365495368e-05
307.945945945946	12.8679047618913	2.38868429074043e-05
308.510510510511	12.8728333946670	3.23743588564324e-05
309.075075075075	12.8777757177580	4.18696262719509e-05
309.639639639640	12.8827317736017	5.23554942345322e-05
310.204204204204	12.8877016053637	6.38141970121312e-05
310.768768768769	12.8926852569692	7.62273311970263e-05
311.333333333333	12.8976827731355	8.95758319656576e-05
311.897897897898	12.9026941994065	0.000103839948427768
312.462462462463	12.9077195821898	0.000118999218030748
313.027027027027	12.9127589687949	0.000135032439986922
313.591591591592	12.9178124074744	0.000151917647683200
314.156156156156	12.9228799474678	0.000169632080044529
314.346710705673	12.9245935597748	0.000175794192822140
314.720720720721	12.9279616390472	0.000188152151807168
315.285285285285	12.9330575335658	0.000207453422670978
315.849849849850	12.9381676835106	0.000227510565288018
316.414414414414	12.9432921425565	0.000248297332060388
316.978978978979	12.9484309656247	0.000269786520698305
317.543543543544	12.9535842089451	0.000291949938509929
318.108108108108	12.9587519301215	0.000314758365389453
318.672672672673	12.9639341882020	0.000338181515463415
319.237237237237	12.9691310437529	0.000362187997367813
319.801801801802	12.9743425589382	0.000386745273124989
320.366366366366	12.9795687976037	0.000411819615594340
320.930930930931	12.9848098253663	0.000437376064471119
321.495495495496	12.9900657097101	0.000463378380818343
322.060060060060	12.9953365200879	0.000489789000117008
322.624624624625	13.0006223280297	0.000516568983827542
323.189189189189	13.0059232072590	0.000543677969465667
323.753753753754	13.0112392338159	0.000571074119204422
324.318318318318	13.0165704861899	0.000598714067022069
324.882882882883	13.0219170454603	0.000626552864434651
325.447447447447	13.0272789954476	0.000654543924865365
326.012012012012	13.0326564228751	0.000682638966717122
326.429070121951	13.0366388568475	0.000703430997083844
326.576576576577	13.0380494175408	0.000710787955245901
327.141141141141	13.0434580725035	0.000738939043347771
327.705705705706	13.0488824842798	0.000767038511409711
328.270270270270	13.0543227530573	0.000795030706401412
328.834834834835	13.0597789829219	0.000822857980436464
329.399399399399	13.0652512821022	0.000850460629062078
329.963963963964	13.0707397632319	0.000877776829606596
330.528528528529	13.0762445436310	0.000904742579964611
331.093093093093	13.0817657456091	0.000931291638277619
331.657657657658	13.0873034967900	0.000957355464049757
332.222222222222	13.0928579304623	0.000982863161338637
332.786786786787	13.0984291859555	0.00100774142476592
333.351351351351	13.1040174090458	0.00103191448922959
333.915915915916	13.1096227523925	0.00105530408434724
334.480480480481	13.1152453760089	0.00107782939482869
335.045045045045	13.1208854477697	0.00109940702818238
335.609609609610	13.1265431439583	0.00111995099138840
336.174174174174	13.1322186498577	0.00113937267843720
336.738738738739	13.1379121603878	0.00115758087094092
337.303303303303	13.1436238807948	0.00117448175438899
337.867867867868	13.1493540273949	0.00118997895301991
338.432432432432	13.1551028283789	0.00120397358676455
338.519035682023	13.1559863501036	0.00120598101504292
338.996996996997	13.1608705246819	0.00121636435426931
339.561561561562	13.1666573709236	0.00122704764664667
340.126126126126	13.1724636364263	0.00123591769731667
340.690690690691	13.1782896063154	0.00124286677419525
341.255255255255	13.1841355827116	0.00124778542143127
341.819819819820	13.1900018860198	0.00125056275905660
342.384384384384	13.1958888563255	0.00125108685023563
342.948948948949	13.2017968549055	0.00124924514731203
343.513513513514	13.2077262658634	0.00124492502963181
344.078078078078	13.2136774978980	0.00123801444816461
344.642642642643	13.2196509862177	0.00122840269429568
345.207207207207	13.2256471946090	0.00121598131291745
345.771771771772	13.2316666176721	0.00120064518308471
346.336336336336	13.2377097832340	0.00118229379316975
346.900900900901	13.2437772549514	0.00116083274164804
347.465465465466	13.2498696351147	0.00113617549951677
348.030030030030	13.2559875676626	0.00110824547593726
348.594594594595	13.2621317414200	0.00107697843513353
349.159159159159	13.2683028935637	0.00104232531996044
349.723723723724	13.2745018133252	0.00100425554602396
350.288288288288	13.2807293459304	0.000962760839898054
350.593448719448	13.2841077032995	0.000938911319190154
350.852852852853	13.2869863967759	0.000917859705977436
351.417417417417	13.2932739358319	0.000869602618976631
351.981981981982	13.2995930022542	0.000818078053128876
352.546546546547	13.3059447091783	0.000763419474874759
353.111111111111	13.3123302486504	0.000705813443300452
353.675675675676	13.3187508966345	0.000645508981776385
354.240240240240	13.3252080180086	0.000582828405050605
354.804804804805	13.3317030714323	0.000518179808177532
355.369369369369	13.3382376139312	0.000452071446625887
355.933933933934	13.3448133049907	0.000385128259858314
356.498498498499	13.3514319098964	0.000318110812386488
357.063063063063	13.3580953019783	0.000251936944850747
357.627627627628	13.3648054633267	0.000187706440389353
358.192192192192	13.3715644834359	0.000126729014666427
358.756756756757	13.3783745550937	7.05559262013794e-05
359.321321321321	13.3852379666785	2.10154700806334e-05
359.885885885886	13.3921570898339	-1.97474465224931e-05
360.450450450451	13.3991343612734	-4.92275564635616e-05
361.015015015015	13.4061722572254	-6.45113882042497e-05
361.579579579580	13.4132732587566	-6.22256446384945e-05
362.144144144144	13.4204398059350	-3.84824694260877e-05
362.681415436729	13.4273229027145	8.10680980987966e-06
362.708708708709	13.4276742385162	1.11772633896862e-05
363.273273273273	13.4349787205968	9.18408731219456e-05
363.837837837838	13.4423551465217	0.000209278433422742
364.402402402402	13.4498050253107	0.000369991371730369
364.966966966967	13.4573293410926	0.000581250262697369
365.531531531532	13.4649283875932	0.000851115511897600
366.096096096096	13.4726015757795	0.00118843300086624
366.660660660661	13.4803472154653	0.00160279507898293
367.225225225225	13.4881622742067	0.00210445572934758
367.527838666176	13.4923782776461	0.00241302270011379
367.789789789790	13.4960421203008	0.00270418759774856
368.354354354354	13.5039802612124	0.00341306827221146
368.918918918919	13.5119680942171	0.00424218427372674
369.483483483484	13.5199946921442	0.00520224429247268
370.048048048048	13.5280466531973	0.00630309890380740
370.612612612613	13.5361080488674	0.00755317279343535
371.177177177177	13.5441605065017	0.00895882749519692
371.741741741742	13.5521834614154	0.0105236872219294
372.306306306306	13.5601546058352	0.0122479760606605
372.366734567135	13.5610037611012	0.0124418644073336
372.870870870871	13.5680505472471	0.0141279290884120
373.435435435435	13.5758476668332	0.0161553494543372
374	13.5835231413041	0.0183173844625339
374.564564564565	13.5910560622545	0.0205965831140864
375.129129129129	13.5984285616464	0.0229712741852224
375.693693693694	13.6056268362873	0.0254162693326194
376.258258258258	13.6126419634864	0.0279038547418224
376.822822822823	13.6194704169255	0.0304049948392555
377.192322596880	13.6238392231808	0.0320353401344644
377.387387387387	13.6261142247385	0.0328906407851979
377.951951951952	13.6325807553106	0.0353330216145780
378.516516516517	13.6388821620610	0.0377068002428933
379.081081081081	13.6450345576229	0.0399899988411824
379.645645645646	13.6510570134625	0.0421646329939648
380.210210210210	13.6569704897985	0.0442170339447283
380.774774774775	13.6627967934667	0.0461378753843708
381.339339339339	13.6685576420842	0.0479219497918490
381.903903903904	13.6742738871123	0.0495677563395127
382.047225691347	13.6757202866897	0.0499636967255883
382.468468468469	13.6799649217245	0.0510769677873258
383.033033033033	13.6856482760440	0.0524538397241494
383.597597597598	13.6913393847807	0.0537046151628556
384.162162162162	13.6970515013010	0.0548369641405106
384.726726726727	13.7027957271371	0.0558594843174236
385.291291291291	13.7085811255823	0.0567812764364814
385.855855855856	13.7144148908081	0.0576115988500276
386.420420420420	13.7203025484529	0.0583595983998641
386.878897922313	13.7251263618025	0.0589125769560020
386.984984984985	13.7262481687764	0.0590341105383445
387.549549549550	13.7322545784720	0.0596435192534531
388.114114114114	13.7383235616397	0.0601956665804347
388.678678678679	13.7444560440441	0.0606978017483974
389.243243243243	13.7506522575761	0.0611565609072355
389.807807807808	13.7569118838786	0.0615779695934042
390.372372372372	13.7632341774965	0.0619674614031260
390.936936936937	13.7696180698006	0.0623299076086526
391.501501501502	13.7760622554454	0.0626696535980924
391.731945642232	13.7787096380726	0.0628027133115988
392.066066066066	13.7825652633458	0.0629905590055895
392.630630630631	13.7891255142066	0.0632960392179663
393.195195195195	13.7957413665529	0.0635891066046452
393.759759759760	13.8024111530632	0.0638724103370651
394.324324324324	13.8091332088201	0.0641482740625707
394.888888888889	13.8159058928927	0.0644187309970319
395.453453453454	13.8227276044739	0.0646855562197314
396.018018018018	13.8295967946073	0.0649502961104586
396.550870370370	13.8361223467951	0.0651994647350053
396.582582582583	13.8365119743796	0.0652142949767222
397.147147147147	13.8434717203017	0.0654787189903117
397.711711711712	13.8504746774796	0.0657445775965825
398.276276276276	13.8575195610655	0.0660127425841586
398.840840840841	13.8646051563884	0.0662839650130250
399.405405405405	13.8717303180868	0.0665588901994588
399.969969969970	13.8788939685024	0.0668380709502516
400.534534534535	13.8860950955416	0.0671219792285214
401.099099099099	13.8933327501679	0.0674110164208719
401.382324273665	13.8969771427233	0.0675580585880441
401.663663663664	13.9006060436538	0.0677055223619224
402.228228228228	13.9079141446928	0.0680057832581887
402.792792792793	13.9152562764469	0.0683120386394761
403.357357357357	13.9226317135911	0.0686244874527641
403.921921921922	13.9300397793957	0.0689432934011905
404.486486486487	13.9374798428816	0.0692685896193487
405.051051051051	13.9449513160693	0.0696004827656900
405.615615615616	13.9524536513400	0.0699390566034321
406.180180180180	13.9599863389154	0.0702843751328913
406.222842818428	13.9605567839492	0.0703107454512162
406.744744744745	13.9675489044661	0.0706364853306341
407.309309309309	13.9751409068472	0.0709954195441062
407.873873873874	13.9827619359639	0.0713611975844685
408.438438438438	13.9904116107628	0.0717338285551006
409.003003003003	13.9980895773472	0.0721133124486123
409.567567567568	14.0057955072113	0.0724996415411301
410.132132132132	14.0135290955876	0.0728928016090478
410.696696696697	14.0212900599033	0.0732927729902971
411.068775538187	14.0264197975409	0.0735600881633738
411.261261261261	14.0290781383394	0.0736995315094443
411.825825825826	14.0368930884868	0.0741130492835158
412.390390390390	14.0447346860933	0.0745332954233470
412.954954954955	14.0526027238965	0.0749602366434108
413.519519519520	14.0604970105372	0.0753938377914637
414.084084084084	14.0684173695471	0.0758340623079518
414.648648648649	14.0763636384073	0.0762808726238734
415.213213213213	14.0843356676712	0.0767342305047295
415.777777777778	14.0923333201487	0.0771940973472386
415.916284683685	14.0942993161773	0.0773079082287596
416.342342342342	14.1003564701467	0.0776604344346880
416.906906906907	14.1084050027624	0.0781332031560466
417.471471471472	14.1164788132246	0.0786123651933572
418.036036036036	14.1245778062817	0.0790978826813633
418.600600600601	14.1327018956304	0.0795897183428330
419.165165165165	14.1408510033845	0.0800878356026425
419.729729729730	14.1490250595795	0.0805921986832826
420.294294294294	14.1572240017110	0.0811027726841443
420.702298624754	14.1631647425620	0.0814756056268252
420.858858858859	14.1654477743043	0.0816195236466518
421.423423423423	14.1736963285133	0.0821424186070507
421.987987987988	14.1819696217458	0.0826714256384483
422.552552552553	14.1902676173143	0.0832065138835095
423.117117117117	14.1985902841095	0.0837476535790373
423.681681681682	14.2069375962962	0.0842948160735158
424.246246246246	14.2153095330285	0.0848479738385759
424.810810810811	14.2237060781835	0.0854071004752107
425.375375375375	14.2321272201132	0.0859721707154762
425.539330021292	14.2345774033612	0.0861373824045492
425.939939939940	14.2405729514115	0.0865431604203258
426.504504504505	14.2490432686968	0.0871200465741415
427.069069069069	14.2575381724084	0.0877028072764524
427.633633633634	14.2660576666154	0.0882914217312931
428.198198198198	14.2746017588386	0.0888858702345603
428.762762762763	14.2831704598825	0.0894861341597242
429.327327327327	14.2917637836789	0.0900921959421710
429.891891891892	14.3003817471393	0.0907040390624429
430.427075376884	14.3085739818583	0.0912893644223543
430.456456456457	14.3090243700171	0.0913216480285929
431.021021021021	14.3176916747780	0.0919450083578502
431.585585585586	14.3263836864781	0.0925741065577711
432.150150150150	14.3351004326500	0.0932089301070135
432.714714714715	14.3438419431954	0.0938494674358698
433.279279279279	14.3526082502838	0.0944957079066695
433.843843843844	14.3613993882585	0.0951476417941382
434.408408408408	14.3702153935467	0.0958052602658063
434.972972972973	14.3790563045760	0.0964685553625302
435.238760162602	14.3832270859457	0.0967827864152239
435.537537537538	14.3879221616953	0.0971375199791865
436.102102102102	14.3968130071006	0.0978121478455921
436.666666666667	14.4057288847651	0.0984924335076927
437.231231231231	14.4146698403733	0.0991783723090539
437.795795795796	14.4236359212588	0.0998699603726835
438.360360360360	14.4326271763460	0.100567194583213
438.924924924925	14.4416436560949	0.101270072569455
439.489489489490	14.4506854124495	0.101978592687346
440.054054054054	14.4597524987881	0.102692754003303
440.094624192601	14.4604050450757	0.102744291550417
440.618618618619	14.4688449698779	0.103412556277981
441.183183183183	14.4779628818308	0.104137999950454
441.747747747748	14.4871062920629	0.104869086122811
442.312312312312	14.4962752592551	0.105605816545178
442.876876876877	14.5054698433171	0.106348193601159
443.441441441441	14.5146901053523	0.107096220293696
444.006006006006	14.5239361076258	0.107849900231348
444.570570570571	14.5332079135331	0.108609237614973
444.927957850994	14.5390906274327	0.109092848637158
445.135135135135	14.5425055875715	0.109374237224825
445.699699699700	14.5518291953124	0.110144904408050
446.264264264264	14.5611788033756	0.110921245066566
446.828828828829	14.5705544794047	0.111703265645346
447.393393393393	14.5799562920443	0.112490973121060
447.957957957958	14.5893843109181	0.113284374991101
448.522522522523	14.5988386066083	0.114083479262972
449.087087087087	14.6083192506364	0.114888294444016
449.651651651652	14.6178263154448	0.115698829531507
449.733660366037	14.6192095148259	0.115817044293987
450.216216216216	14.6273598743797	0.116515094003066
450.780780780781	14.6369200016748	0.117337097807406
451.345345345345	14.6465067724359	0.118164851355404
451.909909909910	14.6561202626266	0.118998365511470
452.474474474475	14.6657605490546	0.119837651585235
453.039039039039	14.6754277093589	0.120682721323516
453.603603603604	14.6851218219981	0.121533586902578
454.168168168168	14.6948429662386	0.122390260920667
454.575372251706	14.7018713712354	0.123011768008761
454.732732732733	14.7045912221441	0.123252756390812
455.297297297297	14.7143666705659	0.124121086733893
455.861861861862	14.7241693931333	0.124995265771953
456.426426426426	14.7339994722447	0.125875307721766
456.990990990991	14.7438569910596	0.126761227188635
457.555555555556	14.7537420334908	0.127653039160426
458.120120120120	14.7636546841973	0.128550759001820
458.684684684685	14.7735950285774	0.129454402448792
459.249249249249	14.7835631527629	0.130363985603290
459.381639595464	14.7859047074437	0.130578144292707
459.813813813814	14.7935591436128	0.131279524928121
460.378378378378	14.8035830887081	0.132201037242039
460.942942942943	14.8136350763470	0.133128539715020
461.507507507508	14.8237151955401	0.134062049863722
462.072072072072	14.8338235360063	0.135001585547127
462.636636636637	14.8439601881688	0.135947164962360
463.201201201201	14.8541252431518	0.136898806640665
463.765765765766	14.8643187927771	0.137856529443563
464.218733353980	14.8725180575208	0.138629349831776
464.330330330330	14.8745409295610	0.138820352559152
464.894894894895	14.8847917467124	0.139790295498566
465.459459459460	14.8950713381296	0.140766378092592
466.024024024024	14.9053797983988	0.141748620488412
466.588588588589	14.9157172227924	0.142737043146506
467.153153153153	14.9260837072668	0.143731666837676
467.717717717718	14.9364793484620	0.144732512640206
468.282282282282	14.9469042436999	0.145739601937153
468.846846846847	14.9573584909838	0.146752956413754
469.085366922234	14.9617840978286	0.147182971450906
469.411411411411	14.9678421889973	0.147772598054962
469.975975975976	14.9783554371048	0.148798549143091
470.540540540541	14.9888983353503	0.149830832255578
471.105105105105	14.9994709844581	0.150869470262852
471.669669669670	15.0100734858326	0.151914486326311
472.234234234234	15.0207059415589	0.152965903896400
472.798798798799	15.0313684544030	0.154023746710796
473.363363363363	15.0420611278129	0.155088038792679
473.905245020550	15.0523526580235	0.156115658414107
473.927927927928	15.0527840659193	0.156158804449105
474.492492492493	15.0635373735366	0.157236068269472
475.057057057057	15.0743211561641	0.158319855124070
475.621621621622	15.0851355199873	0.159410190162717
476.186186186186	15.0959805718797	0.160507098813489
476.750750750751	15.1068564194038	0.161610606781519
477.315315315315	15.1177631708136	0.162720740047882
477.879879879880	15.1287009350560	0.163837524868559
478.444444444444	15.1396698217728	0.164960987773474
478.748735228362	15.1455948133497	0.165569294427616
479.009009009009	15.1506699413033	0.166091155565598
479.573573573574	15.1617014046863	0.167228055320139
480.138138138138	15.1727643236625	0.168371714383787
480.702702702703	15.1838588106769	0.169522160374032
481.267267267267	15.1949849788820	0.170679421178550
481.831831831832	15.2061429421399	0.171843524954649
482.396396396396	15.2173328150255	0.173014500128777
482.960960960961	15.2285547128297	0.174192375396100
483.525525525526	15.2398087515618	0.175377179720124
483.614224874980	15.2415798149101	0.175563957349814
484.090090090090	15.2510950479537	0.176568942332383
484.654654654655	15.2624137194622	0.177767692732188
485.219219219219	15.2737648842731	0.178973460686421
485.783783783784	15.2851486613044	0.180186276229389
486.348348348348	15.2965651702102	0.181406169662726
486.912912912913	15.3080145313840	0.182633171555353
487.477477477478	15.3194968659629	0.183867312743476
488.042042042042	15.3310122958310	0.185108624330644
488.420426849137	15.3387487999651	0.185944610315773
488.606606606607	15.3425609436242	0.186357137687849
489.171171171171	15.3541429327335	0.187612884453669
489.735735735736	15.3657583873096	0.188875896534467
490.300300300300	15.3774074322673	0.190146206104621
490.864864864865	15.3890901932894	0.191423845606805
491.429429429429	15.4008067968316	0.192708847752312
491.993993993994	15.4125573701269	0.194001245521415
492.558558558559	15.4243420411902	0.195301072163768
493.123123123123	15.4361609388231	0.196608361198852
493.241951299770	15.4386529239001	0.196884470010668
493.687687687688	15.4480141926189	0.197923146416452
494.252252252252	15.4599019329671	0.199245461877178
494.816816816817	15.4718242910587	0.200575341913016
495.381381381381	15.4837813988913	0.201912821127921
495.945945945946	15.4957733892741	0.203257934398445
496.510510510511	15.5078003958334	0.204610716874393
497.075075075075	15.5198625530178	0.205971203979519
497.639639639640	15.5319599961036	0.207339431412253
498.076853297890	15.5413529051733	0.208404363830513
498.204204204204	15.5440928612005	0.208715435146458
498.768768768769	15.5562612852571	0.210099251432222
499.333333333333	15.5684654060667	0.211490916796681
499.897897897898	15.5807053622728	0.212890468044863
500.462462462462	15.5929812933756	0.214297942260574
501.027027027027	15.6052933397373	0.215713376807309
501.591591591592	15.6176416425885	0.217136809329181
502.156156156156	15.6300263440344	0.218568277751892
502.720720720721	15.6424475870609	0.220007820283721
502.923096795840	15.6469090802522	0.220525817710640
503.285285285285	15.6549055155410	0.221455475416543
503.849849849850	15.6674002742411	0.222911281926869
504.414414414414	15.6799320088278	0.224375278876916
504.978978978979	15.6925008658742	0.225847505615697
505.543543543544	15.7051069928667	0.227328001780133
506.108108108108	15.7177505382120	0.228816807296197
506.672672672673	15.7304316512435	0.230313962380069
507.237237237237	15.7431504822288	0.231819507539319
507.778553523035	15.7553811229764	0.233270972386438
507.801801801802	15.7559071823765	0.233333483574109
508.366366366366	15.7687019038435	0.234855931578417
508.930930930931	15.7815347997420	0.236386892941280
509.495495495496	15.7944060241472	0.237926409348052
510.060060060060	15.8073157321046	0.239474522781686
510.624624624625	15.8202640796376	0.241031275524033
511.189189189189	15.8332512237551	0.242596710157153
511.753753753754	15.8462773224595	0.244170869564648
512.318318318318	15.8593425347541	0.245753796933005
512.641002051984	15.8668277438837	0.246662492916439
512.882882882883	15.8724470206517	0.247345535752961
513.447447447447	15.8855909411821	0.248946129820875
514.012012012012	15.8987744584006	0.250555623240117
514.576576576577	15.9119977353964	0.252174060422466
515.141141141141	15.9252609363007	0.253801486089528
515.705705705706	15.9385642262953	0.255437945274154
516.270270270270	15.9519077716215	0.257083483321874
516.834834834835	15.9652917395884	0.258738145892339
517.399399399399	15.9787162985823	0.260401978960775
517.418809112875	15.9791785583224	0.260459345111434
517.963963963964	15.9921816180751	0.262075028819436
518.528528528529	16.0056878686338	0.263757342079066
519.093093093093	16.0192352219296	0.265448965670376
519.657657657658	16.0328238507471	0.267149946845510
520.222222222222	16.0464539289942	0.268860333179523
520.786786786787	16.0601256317111	0.270580172571860
521.351351351351	16.0738391350803	0.272309513247836
521.915915915916	16.0875946164368	0.274048403760112
522.286512195122	16.0966470144259	0.275195076493237
522.480480480481	16.1013922542774	0.275796892990173
523.045045045045	16.1152322282712	0.277555030149803
523.609609609610	16.1291147192700	0.279322864782552
524.174174174174	16.1430399093185	0.281100446765201
524.738738738739	16.1570079816646	0.282887826309216
525.303303303303	16.1710191207706	0.284685053962201
525.867867867868	16.1850735123237	0.286492180609327
526.432432432432	16.1991713432470	0.288309257474760
526.996996996997	16.2133128017107	0.290136336123073
527.153961666960	16.2172522975037	0.290646098812238
527.561561561562	16.2274980771434	0.291973468460636
528.126126126126	16.2417273602435	0.293820706736995
528.690690690691	16.2560008429909	0.295678103546227
529.255255255255	16.2703187186585	0.297545711828277
529.819819819820	16.2846811818246	0.299423584870261
530.384384384384	16.2990884283846	0.301311776307756
530.948948948949	16.3135406555636	0.303210340126052
531.513513513514	16.3280380619286	0.305119330661370
531.924162526615	16.3386115803825	0.306514460323113
532.078078078078	16.3425808474014	0.307038802602052
532.642642642643	16.3571692132713	0.308968810989714
533.207207207207	16.3718033622080	0.310909411220349
533.771771771772	16.3864834982753	0.312860659045395
534.336336336336	16.4012098269440	0.314822610572759
534.900900900901	16.4159825551059	0.316795322267777
535.465465465466	16.4308018910874	0.318778850954135
536.030030030030	16.4456680446636	0.320773253814722
536.594594594595	16.4605812270730	0.322778588392427
536.781482542525	16.4655283386344	0.323444833015882
537.159159159159	16.4755416510312	0.324794912590866
537.723723723724	16.4905495307464	0.326822284675041
538.288288288288	16.5056050819340	0.328860763271924
538.852852852853	16.5207085218317	0.330910407370953
539.417417417418	16.5358600692155	0.332971276324459
539.981981981982	16.5510599444148	0.335043429847986
540.546546546547	16.5663083693286	0.337126928020518
541.111111111111	16.5816055674420	0.339221831284614
541.630457091238	16.5957208056502	0.341159067767692
541.675675675676	16.5969517638426	0.341328200446419
542.240240240240	16.6123471852370	0.343446096675569
542.804804804805	16.6277920599683	0.345575581504968
543.369369369369	16.6432866180335	0.347716716830441
543.933933933934	16.6588310911008	0.349869564910240
544.498498498499	16.6744257125284	0.352034188364407
545.063063063063	16.6900707173820	0.354210650173989
545.627627627628	16.7057663424542	0.356399013680077
546.192192192192	16.7215128262833	0.358599342582677
546.468206343420	16.7292298243793	0.359679451918672
546.756756756757	16.7373104091726	0.360811700939396
547.321321321321	16.7531593332103	0.363036153163930
547.885885885886	16.7690598422901	0.365272764024348
548.450450450451	16.7850121821310	0.367521598641159
549.015015015015	16.8010166002989	0.369782722485137
549.579579579580	16.8170733462277	0.372056201374914
550.144144144144	16.8331826712417	0.374342101474303
550.708708708709	16.8493448285769	0.376640489289349
551.273273273273	16.8655600734051	0.378951431665096
551.291757999265	16.8660918863365	0.379027308555339
551.837837837838	16.8818286628559	0.381274995782033
552.402402402403	16.8981508560415	0.383611249152225
552.966966966967	16.9145269140806	0.385960259615096
553.531531531532	16.9309571001232	0.388322095332843
554.096096096096	16.9474416793761	0.390696824785472
554.660660660661	16.9639809191292	0.393084516765417
555.225225225225	16.9805750887817	0.395485240371731
555.789789789790	16.9972244598699	0.397899065003818
556.098048599518	17.0063386066968	0.399222595793864
556.354354354354	17.0139293060947	0.400326060354678
556.918918918919	17.0306899033504	0.402766296403638
557.483483483484	17.0475065297543	0.405219843408546
558.048048048048	17.0643794656767	0.407686771897378
558.612612612613	17.0813089937715	0.410167152659239
559.177177177177	17.0982953990086	0.412661056734723
559.741741741742	17.1153389687060	0.415168555405573
560.306306306306	17.1324399925635	0.417689720183629
560.870870870871	17.1495987626971	0.420224622798999
560.988880988024	17.1531927599102	0.420756232451843
561.435435435436	17.1668155736746	0.422773335187407
562	17.1840907225520	0.425335929476685
562.564564564565	17.2014245089109	0.427912477972333
563.129129129129	17.2188172348976	0.430503053142118
563.693693693694	17.2362692052627	0.433107727599618
564.258258258258	17.2537807274023	0.435726574086680
564.822822822823	17.2713521114007	0.438359665454703
565.387387387387	17.2889836700743	0.441007074644679
565.752892998679	17.3004307826867	0.442728707607568
565.951951951952	17.3066757190165	0.443668874665912
566.516516516517	17.3244285766453	0.446345138573338
567.081081081081	17.3422425642514	0.449035939443350
567.645645645646	17.3601180060486	0.451741350348030
568.210210210210	17.3780552292258	0.454461444327700
568.774774774775	17.3960545640013	0.457196294361658
569.339339339339	17.4141163436787	0.459945973337019
569.903903903904	17.4322409047050	0.462710554015489
570.468468468469	17.4504285867312	0.465490108997974
570.598511610202	17.4546269608789	0.466132487780232
571.033033033033	17.4686797326755	0.468284710686873
571.597597597598	17.4869946887886	0.471094431245874
572.162162162162	17.5053738047217	0.473919342557124
572.726726726727	17.5238174335984	0.476759516175561
573.291291291291	17.5423259320882	0.479615023280243
573.855855855856	17.5608996604847	0.482485934622435
574.420420420421	17.5795389827862	0.485372320470261
574.984984984985	17.5982442667810	0.488274250549655
575.527851794970	17.6162932095088	0.491079375507361
575.549549549550	17.6170158841359	0.491191793981375
576.114114114114	17.6358542104897	0.494125019213773
576.678678678679	17.6547596255507	0.497073993951029
577.243243243243	17.6737325131994	0.500038785076539
577.807807807808	17.6927732615967	0.503019458571071
578.372372372372	17.7118822632969	0.506016079425323
578.936936936937	17.7310599153678	0.509028711546471
579.501501501502	17.7503066195170	0.512057417658243
580.066066066066	17.7696227822244	0.515102259194045
580.318346883469	17.7782769476819	0.516468106362787
580.630630630631	17.7890088148836	0.518163296182598
581.195195195195	17.8084651339504	0.521240587125509
581.759759759760	17.8279921611004	0.524334188866166
582.324324324324	17.8475903233965	0.527444156449253
582.888888888889	17.8672600534659	0.530570542970153
583.453453453453	17.8870017896886	0.533713399413438
584.018018018018	17.9068159763984	0.536872774479538
584.582582582583	17.9267030640958	0.540048714398657
585.147147147147	17.9466635096764	0.543241262730852
585.189260199102	17.9481553893437	0.543480074040950
585.711711711712	17.9666977766735	0.546450460151140
586.276276276276	17.9868063355183	0.549676344218355
586.840840840841	18.0069896638182	0.552918949126389
587.405405405406	18.0272482466547	0.556178305436278
587.969969969970	18.0475825769035	0.559454439787461
588.534534534535	18.0679931555779	0.562747374586403
589.099099099099	18.0884804921991	0.566057127670525
589.663663663664	18.1090451051943	0.569383711945227
590.026486912025	18.1223022003968	0.571530463559302
590.228228228228	18.1296875223262	0.572727134991554
590.792792792793	18.1504082811579	0.576087398641771
591.357357357357	18.1712079295547	0.579464498519856
591.921921921922	18.1920870262284	0.582858423543561
592.486486486487	18.2130461413277	0.586269155384397
593.051051051051	18.2340858570794	0.589696667881384
593.615615615616	18.2552067684868	0.593140926404075
594.180180180180	18.2764094840904	0.596601887159739
594.744744744745	18.2976946267984	0.600079496439086
594.826305555556	18.3007764739552	0.600583268013953
595.309309309309	18.3190628347945	0.603573689794211
595.873873873874	18.3405147625328	0.607084391141726
596.438438438439	18.3620510818284	0.610611511783172
597.003003003003	18.3836724830564	0.614154949333887
597.567567567568	18.4053796764712	0.617714586550398
598.132132132132	18.4271733936622	0.621290290045168
598.696696696697	18.4490543891613	0.624881908876114
599.261261261261	18.4710234422227	0.628489272996738
599.704856971394	18.4883475026259	0.631334612307504
599.825825825826	18.4930813587965	0.632112191550809
600.390390390390	18.5152289737220	0.635750450993464
600.954954954955	18.5374671531698	0.639403813018139
601.519519519520	18.5597967973670	0.643072012265953
602.084084084084	18.5822188436450	0.646754753790942
602.648648648649	18.6047342698540	0.650451710250788
603.213213213213	18.6273440982006	0.654162518788380
603.777777777778	18.6500493995676	0.657886777564551
604.342342342342	18.6728512983899	0.661624041896467
604.542161726155	18.6809450631332	0.662949817263216
604.906906906907	18.6957509781740	0.665373819949372
605.471471471472	18.7187496877579	0.669135567921494
606.036036036036	18.7418487484356	0.672908684652619
606.600600600601	18.7650495620835	0.676692505575989
607.165165165165	18.7883536204610	0.680486295920455
607.729729729730	18.8117625158838	0.684289243054824
608.294294294294	18.8352779535147	0.688100447848650
608.858858858859	18.8589017655612	0.691918914902943
609.334264227642	18.8788802733061	0.695139173892255
609.423423423424	18.8826359277340	0.695743541479595
609.987987987988	18.9064825783945	0.699573104929249
610.552552552553	18.9304440409146	0.703406248382852
611.117117117117	18.9545228498905	0.707241464431284
611.681681681682	18.9787217820014	0.711077076469195
612.246246246246	19.0030438924943	0.714911217321976
612.810810810811	19.0274925585152	0.718741804707470
613.375375375375	19.0520715308180	0.722566513004773
613.939939939940	19.0767849957805	0.726382740710116
614.202946117599	19.0883451465825	0.728156855052235
614.504504504505	19.1016376501762	0.730187572852991
615.069069069069	19.1266347918295	0.733977737524149
615.633633633634	19.1517824301750	0.737749555532179
616.198198198198	19.1770874219358	0.741498882061565
616.762762762763	19.2025576387245	0.745221039062821
617.327327327327	19.2282021755318	0.748910736985257
617.891891891892	19.2540316120043	0.752561984404626
618.456456456457	19.2800583424675	0.756167984173147
619.021021021021	19.3062969962844	0.759721015057729
619.022213504027	19.3063526540446	0.759728457772884
619.585585585586	19.3327649780701	0.763212298664202
620.150150150150	19.3594831685518	0.766631853182674
620.714714714715	19.3864768430748	0.769968338867239
621.279279279279	19.4137768883448	0.773208906508082
621.843843843844	19.4414214327404	0.776339071878997
622.408408408409	19.4694580573228	0.779342660700580
622.972972972973	19.4979468327617	0.782201908390137
623.537537537537	19.5269645463778	0.784897872681438
623.787885975863	19.5400262471134	0.786036088476516
624.102102102102	19.5566106661984	0.787411456035498
624.666666666667	19.5870158702488	0.789725600125887
625.231231231231	19.6183543994638	0.791829731577546
625.795795795796	19.6508621321050	0.793728566488984
626.360360360360	19.6848631556002	0.795459472811541
626.924924924925	19.7208085471112	0.797126932785800
627.489489489490	19.7593310119416	0.798971800074308
628.054054054054	19.8013137170609	0.801512297124919
628.618618618619	19.8479458214781	0.805832353498048
628.627506814846	19.8487246931208	0.805924354921976
629.183183183183	19.9006401550792	0.814157029309524
629.747747747748	19.9603752957899	0.830879762535010
630.312312312312	20.0252576391221	0.863711993453943
630.876876876877	20.0846947056949	0.921878389858080
631.441441441442	20.1153913634662	1.00345485269753
632.006006006006	20.1009637110770	1.07939917979787
632.570570570571	20.0615406035803	1.11801849685722
633.135135135135	20.0294381465272	1.12151204491527
633.542810650888	20.0180376265100	1.11308550385495
633.699699699700	20.0161789378028	1.10887145068673
634.264264264264	20.0187255073184	1.09294320901465
634.828828828829	20.0316011100402	1.07877146047779
635.393393393393	20.0507625564863	1.06760246346866
635.957957957958	20.0737239061903	1.05934389020030
636.522522522523	20.0990262642878	1.05355126416553
637.087087087087	20.1258142631693	1.04975823956843
637.651651651652	20.1535785143207	1.04756734605123
638.216216216216	20.1820093088719	1.04666189975561
638.399612436116	20.1913539791881	1.04660157647463
638.780780780781	20.2109143291854	1.04679542634605
639.345345345345	20.2401718255827	1.04777714621903
639.909909909910	20.2697034416440	1.04945899556743
640.474474474475	20.2994580858383	1.05172531405301
641.039039039039	20.3294021410448	1.05448500858350
641.603603603604	20.3595133918600	1.05766569759756
642.168168168168	20.3897771814547	1.06120935296608
642.732732732733	20.4201839341179	1.06506904897337
643.193430594293	20.4450981457569	1.06842598218433
643.297297297297	20.4507275311613	1.06920652349108
643.861861861862	20.4814042299982	1.07359033500326
644.426426426427	20.5122119349055	1.07819445853611
644.990990990991	20.5431496990728	1.08299720690366
645.555555555556	20.5742173809524	1.08798039486306
646.120120120120	20.6054154048994	1.09312868609181
646.684684684685	20.6367445931405	1.09842907888550
647.249249249249	20.6682060470552	1.10387049797008
647.813813813814	20.6998010628781	1.10944346813481
648.059788153913	20.7136087828831	1.11191058230096
648.378378378378	20.7315310716377	1.11513985144348
648.942942942943	20.7633975962914	1.12095263421845
649.507507507508	20.7954022211440	1.12687575327005
650.072072072072	20.8275465700900	1.13290395328360
650.636636636637	20.8598322912259	1.13903266910594
651.201201201201	20.8922610460780	1.14525792805545
651.765765765766	20.9248345021822	1.15157626843103
652.330330330330	20.9575543281041	1.15798467120108
652.858140243902	20.9882778674955	1.16405499270533
652.894894894895	20.9904221902337	1.16448050247476
653.459459459460	21.0234397508695	1.17106146484006
654.024024024024	21.0566086672375	1.17772555602970
654.588588588589	21.0899305911817	1.18447103367215
655.153153153153	21.1234071693346	1.19129638511841
655.717717717718	21.1570400436260	1.19820030152133
656.282282282282	21.1908308520242	1.20518165549272
656.846846846847	21.2247812294339	1.21223948178225
657.411411411411	21.2588928086925	1.21937296051869
657.728078104432	21.2780973176027	1.22340701448892
657.975975975976	21.2931672216258	1.22658140263183
658.540540540541	21.3276061001308	1.23386423713666
659.105105105105	21.3622110772654	1.24122100001363
659.669669669670	21.3969837883302	1.24865132446103
660.234234234234	21.4319258719305	1.25615493233100
660.798798798799	21.4670389710123	1.26373162658948
661.363363363363	21.5023247338690	1.27138128466474
661.927927927928	21.5377848151139	1.27910385256910
662.492492492493	21.5734208766194	1.28689933969553
662.524769060774	21.5754635688891	1.28734721811378
663.057057057057	21.6092345884226	1.29476781420463
663.621621621622	21.6452276295970	1.30270939892975
664.186186186186	21.6814016890915	1.31072426773774
664.750750750751	21.7177584665403	1.31881264229167
665.315315315315	21.7542996730417	1.32697478916875
665.879879879880	21.7910270319116	1.33521101729317
666.444444444445	21.8279422794102	1.34352167564861
667.009009009009	21.8650471654460	1.35190715123987
667.391936776492	21.8903231640748	1.35763757277627
667.573573573574	21.9023434542585	1.36036786727683
668.138138138138	21.9398329250799	1.36890428155731
668.702702702703	21.9775173727806	1.37751688502837
669.267267267267	22.0153986084969	1.38620620050792
669.831831831832	22.0534784602450	1.39497278155089
670.396396396396	22.0917587735213	1.40381721144594
670.960960960961	22.1302414118911	1.41274010233023
671.525525525526	22.1689282575673	1.42174209441155
672.090090090090	22.2078212119800	1.43082385528805
672.180399103139	22.2140618659375	1.43228404068060
672.654654654655	22.2469221963373	1.43998607935694
673.219219219219	22.2862331521812	1.44922948730462
673.783783783784	22.3257560419360	1.45855482567149
674.348348348348	22.3654928494537	1.46796286648548
674.912912912913	22.4054455805542	1.47745440695873
675.477477477478	22.4456162635641	1.48703026924301
676.042042042042	22.4860069498526	1.49669130023931
676.606606606607	22.5266197143667	1.50643837145796
677.038071364047	22.5578087709842	1.51394606677018
677.171171171171	22.5674566561656	1.51627237892601
677.735735735736	22.6085198989559	1.52619424313856
678.300300300300	22.6498115916274	1.53620490905178
678.864864864865	22.6913339087905	1.54630534611479
679.429429429430	22.7330890513159	1.55649654833864
679.993993993994	22.7750792468769	1.56677953440030
680.558558558559	22.8173067504953	1.57715534778008
681.123123123123	22.8597738450907	1.58762505693088
681.687687687688	22.9024828420345	1.59818975547816
681.811366841028	22.9118716335715	1.60051695792750
682.252252252252	22.9454360817087	1.60885056244932
682.816816816817	22.9886359340692	1.61960862253149
683.381381381381	23.0320847992162	1.63046510635700
683.945945945946	23.0757851079693	1.64142121081563
684.510510510511	23.1197393224502	1.65247815939302
685.075075075075	23.1639499366716	1.66363720253479
685.639639639640	23.2084194771343	1.67489961803581
686.204204204204	23.2531505034309	1.68626671145434
686.652446174989	23.2888531123827	1.69536716656252
686.768768768769	23.2981456088586	1.69773981655070
687.333333333333	23.3434074210402	1.70932029575028
687.897897897898	23.3889386025535	1.72100954063080
688.462462462463	23.4347418515706	1.73280897243362
689.027027027027	23.4808199025058	1.74472004259930
689.591591591592	23.5271755266748	1.75674423332719
690.156156156156	23.5738115329625	1.76888305815938
690.720720720721	23.6207307685025	1.78113806258907
691.285285285285	23.6679361193672	1.79351082469352
691.562763552480	23.6912428711774	1.79963557349298
691.849849849850	23.7154305112689	1.80600295579192
692.414414414415	23.7632169102728	1.81861610112847
692.978978978979	23.8112983235217	1.83135194058090
693.543543543544	23.8596777999732	1.84421218939505
694.108108108108	23.9083584311487	1.85719859894567
694.672672672673	23.9573433518966	1.87031295752411
695.237237237237	24.0066357411673	1.88355709115334
695.801801801802	24.0562388228030	1.89693286443093
696.366366366366	24.1061558663405	1.91044218140046
696.382016260163	24.1075440852941	1.91081858446076
696.930930930931	24.1563901878285	1.92408698645210
697.495495495495	24.2069451506597	1.93786926525310
698.060060060060	24.2578241664173	1.95179104570870
698.624624624625	24.3090306957374	1.96585439895449
699.189189189189	24.3605682491864	1.98006144038082
699.753753753754	24.4124403881541	1.99441433069022
700.318318318318	24.4646507257642	2.00891527698874
700.882882882883	24.5172029277997	2.02356653391203
701.268907602339	24.5533345440935	2.03367213568986
701.447447447448	24.5701007136468	2.03837040478722
702.012012012012	24.6233478572552	2.05332924283174
702.576576576577	24.6769481881162	2.06844545238988
703.141141141141	24.7309055922585	2.08372149020851
703.705705705706	24.7852240132631	2.09915986675294
704.270270270270	24.8399074532961	2.11476314756415
704.834834834835	24.8949599741609	2.13053395465889
705.399399399400	24.9503856983693	2.14647496797358
705.963963963964	25.0061888102330	2.16258892685384
706.058544512482	25.0155746179276	2.16530558170198
706.528528528529	25.0623735569750	2.17887863159070
707.093093093093	25.1189442498607	2.19534694500531
707.657657657658	25.1759052653508	2.21199679408344
708.222222222222	25.2332610462746	2.22883117166164
708.786786786787	25.2910161030252	2.24585313816659
709.351351351351	25.3491750147760	2.26306582340939
709.915915915916	25.4077424307201	2.28047242843678
710.480480480481	25.4667230713314	2.29807622744102
710.914057386768	25.5123028313459	2.31173164314067
711.045045045045	25.5261217296491	2.31588056973046
711.609609609610	25.5859432725852	2.33388888176294
712.174174174174	25.6461926422552	2.35210466924402
712.738738738739	25.7068748573329	2.37053151929236
713.303303303303	25.7679950144295	2.38917310267451
713.867867867868	25.8295582894964	2.40803317611159
714.432432432433	25.8915699392536	2.42711558466019
714.996996996997	25.9540353026422	2.44642426417029
715.561561561562	26.0169598023027	2.46596324382279
715.665929816185	26.0286430654262	2.46960086813878
716.126126126126	26.0803489460788	2.48573664874938
716.690690690691	26.1442083285466	2.50574870273784
717.255255255255	26.2085436325700	2.52600373102568
717.819819819820	26.2733606308821	2.54650616318530
718.384384384384	26.3386651876931	2.56726053610395
718.948948948949	26.4044632603245	2.58827149706191
719.513513513514	26.4707609008699	2.60954380691238
720.078078078078	26.5375642578829	2.63108234336691
720.481754385965	26.5856436915044	2.64664888191551
720.642642642643	26.6048795780911	2.65289210438994
721.207207207207	26.6727132081374	2.67497821170680
721.771771771772	26.7410715963483	2.69734591442885
722.336336336336	26.8099612945281	2.72000059280065
722.900900900901	26.8793889597805	2.74294776207304
723.465465465466	26.9493613563569	2.76619307650730
724.030030030030	27.0198853575302	2.78974233351494
724.594594594595	27.0909679474955	2.81360147793829
725.159159159159	27.1626162232961	2.83777660647714
725.362830873458	27.1886042180488	2.84657676236125
725.723723723724	27.2348373967752	2.86227397226692
726.288288288288	27.3076387965524	2.88709998961404
726.852852852853	27.3810278700248	2.91226123889446
727.417417417418	27.4550121853915	2.93776447162145
727.981981981982	27.5295994337019	2.96361661568919
728.546546546547	27.6047974309257	2.98982478079880
729.111111111111	27.6806141200446	3.01639626407373
729.675675675676	27.7570575731642	3.04333855587173
730.240240240240	27.8341359936453	3.07065934580115
730.310494518879	27.8437724492341	3.07408600788781
730.804804804805	27.9118577182531	3.09836652894920
731.369369369369	27.9902312193224	3.12646821233048
731.933933933934	28.0692651069386	3.15497272156429
732.498498498499	28.1489681311307	3.18388860778954
733.063063063063	28.2293491840768	3.21322465482665
733.627627627628	28.3104173023173	3.24298988659591
734.192192192192	28.3921816689756	3.27319357480242
734.756756756757	28.4746516159824	3.30384524689811
735.145801863659	28.5318977714195	3.32523333099974
735.321321321321	28.5578366263022	3.33495469433165
735.885885885886	28.6417463361564	3.36653198109759
736.450450450451	28.7263905372428	3.39858745259665
737.015015015015	28.8117791789449	3.43113174481936
737.579579579579	28.8979223705294	3.46417579386603
738.144144144144	28.9848303833256	3.49773084581623
738.708708708709	29.0725136528829	3.53180846696184
739.273273273273	29.1609827811020	3.56642055441817
739.837837837838	29.2502485383319	3.60157934712830
739.862926949655	29.2542341468653	3.60315468067169
740.402402402403	29.3403218654297	3.63729743727629
740.966966966967	29.4312138757736	3.67358778212571
741.531531531532	29.5229358572244	3.71046371630077
742.096096096096	29.6154992740263	3.74793896452759
742.660660660661	29.7089157686398	3.78602765485437
743.225225225225	29.8031971634966	3.82474433236972
743.789789789790	29.8983554626675	3.86410397343939
744.354354354354	29.9944028534330	3.90412200048218
744.825982608696	30.0753298742609	3.93806865354334
744.918918918919	30.0913517077443	3.94481429730712
745.483483483484	30.1892145835641	3.98619722503458
746.048048048048	30.2880042260720	4.02828763862493
746.612612612613	30.3877335687226	4.07110290403958
747.177177177177	30.4884157341386	4.11466091605997
747.741741741742	30.5900640348245	4.15898011679127
748.306306306306	30.6926919736823	4.20407951487882
748.870870870871	30.7963132443095	4.24997870546581
749.435435435436	30.9009417310598	4.29669789092279
749.481145000000	30.9094574027863	4.30051698682559
750	31.0065915088440	4.34425790238012