186	3.47548956771569	0.00452637524854918
186.564564564565	3.47585331920441	0.00447944400919711
187.129129129129	3.47621841185215	0.00443280779101578
187.370286250000	3.47637477226036	0.00441297644359580
187.693693693694	3.47658484610286	0.00438646524358721
188.258258258258	3.47695262241900	0.00434041503592507
188.822822822823	3.47732174128133	0.00429465585615638
189.387387387387	3.47769220318868	0.00424918641063584
189.951951951952	3.47806400865778	0.00420400542456391
190.516516516517	3.47843715822305	0.00415911164112688
191.081081081081	3.47881165243646	0.00411450382120498
191.645645645646	3.47918749186727	0.00407018074369317
192.210210210210	3.47956467710189	0.00402614120482767
192.774774774775	3.47994320874374	0.00398238401789114
193.339339339339	3.48032308741297	0.00393890801321420
193.903903903904	3.48070431374641	0.00389571203815498
194.468468468468	3.48108688839735	0.00385279495601771
195.033033033033	3.48147081203539	0.00381015564697455
195.597597597598	3.48185608534623	0.00376779300690684
195.686983028721	3.48191720805928	0.00376111118358492
196.162162162162	3.48224270903163	0.00372570594781454
196.726726726727	3.48263068380915	0.00368389339690636
197.291291291291	3.48302001041206	0.00364235429755708
197.855855855856	3.48341068958918	0.00360108760759701
198.420420420420	3.48380272210475	0.00356009230033060
198.984984984985	3.48419610873830	0.00351936736383936
199.549549549550	3.48459085028448	0.00347891180072570
200.114114114114	3.48498694755296	0.00343872462820584
200.678678678679	3.48538440136829	0.00339880487753580
201.243243243243	3.48578321256981	0.00335915159403745
201.807807807808	3.48618338201146	0.00331976383697286
202.372372372372	3.48658491056173	0.00328064067911904
202.936936936937	3.48698779910353	0.00324178120725125
203.501501501502	3.48739204853400	0.00320318452056222
204.066066066066	3.48779765976454	0.00316484973217375
204.630630630631	3.48820463372057	0.00312677596775792
205.195195195195	3.48861297134152	0.00308896236590585
205.759759759760	3.48902267358063	0.00305140807777734
206.324324324324	3.48943374140499	0.00301411226685278
206.888888888889	3.48984617579531	0.00297707410909513
207.453453453453	3.49025997774587	0.00294029279235041
208.018018018018	3.49067514826444	0.00290376751614273
208.582582582583	3.49109168837223	0.00286749749282947
209.147147147147	3.49150959910369	0.00283148194490538
209.711711711712	3.49192888150653	0.00279572010748101
210.276276276276	3.49234953664157	0.00276021122627027
210.840840840841	3.49277156558272	0.00272495455849857
211.405405405405	3.49319496941686	0.00268994937204880
211.969969969970	3.49361974924374	0.00265519494585985
212.534534534535	3.49404590617597	0.00262069056949189
213.099099099099	3.49447344133891	0.00258643554315426
213.663663663664	3.49490235587059	0.00255242917719595
214.137470000000	3.49526338440767	0.00252408101965577
214.228228228228	3.49533265092166	0.00251867079206646
214.792792792793	3.49576432765533	0.00248515971879235
215.357357357357	3.49619738724727	0.00245189529784545
215.921921921922	3.49663183088561	0.00241887687973612
216.486486486487	3.49706765977079	0.00238610382452240
217.051051051051	3.49750487511561	0.00235357550201560
217.615615615616	3.49794347814507	0.00232129129083837
218.180180180180	3.49838347009640	0.00228925057971417
218.507622448980	3.49863929827422	0.00227077859236499
218.744744744745	3.49882485221891	0.00225745276550541
219.309309309309	3.49926762577407	0.00222589725485732
219.873873873874	3.49971179203532	0.00219458346232485
220.438438438438	3.50015735228813	0.00216351081222021
221.003003003003	3.50060430782991	0.00213267873664919
221.567567567568	3.50105265996994	0.00210208667631541
222.132132132132	3.50150241002939	0.00207173408030826
222.696696696697	3.50195355934123	0.00204162040563801
223.261261261261	3.50240610925020	0.00201174511759596
223.825825825826	3.50286006111278	0.00198210768968299
224.390390390390	3.50331541629714	0.00195270760237801
224.954954954955	3.50377217618316	0.00192354434408640
225.519519519520	3.50423034216232	0.00189461741098883
226.084084084084	3.50468991563768	0.00186592630709768
226.648648648649	3.50515089802393	0.00183747054212716
227.213213213213	3.50561329074728	0.00180924963430198
227.777777777778	3.50607709524543	0.00178126310868134
228.342342342342	3.50654231296764	0.00175351049682477
228.906906906907	3.50700894537456	0.00172599133692547
229.471471471471	3.50747699393837	0.00169870517420322
230.036036036036	3.50794646014261	0.00167165156025762
230.600600600601	3.50841734548228	0.00164483005342191
231.165165165165	3.50888965146375	0.00161824021749004
231.729729729730	3.50936337960477	0.00159188162309113
232.294294294294	3.50983853143446	0.00156575384663556
232.858858858859	3.51031510849330	0.00153985647029171
233.423423423423	3.51079311233308	0.00151418908194599
233.987987987988	3.51127254451695	0.00148875127574078
234.552552552553	3.51175340661939	0.00146354265022588
235.117117117117	3.51223570022615	0.00143856281062320
235.681681681682	3.51271942693436	0.00141381136660572
236.246246246246	3.51320458835240	0.00138928793270063
236.810810810811	3.51369118610000	0.00136499212969922
237.375375375375	3.51417922180818	0.00134092358223096
237.939939939940	3.51466869711927	0.00131708191976573
238.504504504505	3.51515961368691	0.00129346677668466
239.069069069069	3.51565197317608	0.00127007779199508
239.633633633634	3.51614577726307	0.00124691460899928
240.198198198198	3.51664102763549	0.00122397687454929
240.762762762763	3.51713772599230	0.00120126424116152
241.327327327327	3.51763587404385	0.00117877636408780
241.891891891892	3.51813547351180	0.00115651290225450
242.456456456456	3.51863652612923	0.00113447351969337
243.021021021021	3.51913903364061	0.00111265788273821
243.585585585586	3.51964299780183	0.00109106566216320
244.150150150150	3.52014842038022	0.00106969653100257
244.714714714715	3.52065530315455	0.00104855016675009
245.279279279279	3.52116364791510	0.00102762624863299
245.843843843844	3.52167345646364	0.00100692445982626
246.408408408408	3.52218473061350	0.000986444485884102
246.972972972973	3.52269747218955	0.000966186015717275
247.537537537538	3.52321168302826	0.000946148739399600
248.102102102102	3.52372736497776	0.000926332350473934
248.666666666667	3.52424451989781	0.000906736544143947
249.231231231231	3.52476314965991	0.000887361017717302
249.795795795796	3.52528325614726	0.000868205471100114
249.827048333333	3.52531209079794	0.000867151499002388
250.360360360360	3.52580484125488	0.000849269604733757
250.924924924925	3.52632790688963	0.000830553122053535
251.489489489490	3.52685245497018	0.000812055727358268
252.054054054054	3.52737848742722	0.000793777125609881
252.618618618619	3.52790600620334	0.000775717024490163
253.183183183183	3.52843501325319	0.000757875130884372
253.747747747748	3.52896551054349	0.000740251152848514
254.312312312312	3.52949750005312	0.000722844801248902
254.876876876877	3.53003098377314	0.000705655784712112
255.441441441441	3.53056596370694	0.000688683813486257
256.006006006006	3.53110244187014	0.000671928597941301
256.570570570571	3.53164042029085	0.000655389848188176
257.135135135135	3.53217990100963	0.000639067274332497
257.699699699700	3.53272088607957	0.000622960584629025
258.264264264264	3.53326337756641	0.000607069489928686
258.828828828829	3.53380737754860	0.000591393696826805
259.393393393393	3.53435288811737	0.000575932913571126
259.957957957958	3.53489991137685	0.000560686846660094
260.522522522523	3.53544844944413	0.000545655199309161
261.087087087087	3.53599850444938	0.000530837676361854
261.651651651652	3.53655007853593	0.000516233978009682
262.056344405595	3.53694639535481	0.000505897120094973
262.216216216216	3.53710317386038	0.000501843803923308
262.780780780781	3.53765779259271	0.000487666851758558
263.345345345345	3.53821393691640	0.000473702815399795
263.909909909910	3.53877160902850	0.000459951386762237
264.474474474474	3.53933081113981	0.000446412256952322
265.039039039039	3.53989154547498	0.000433085109451325
265.603603603604	3.54045381427258	0.000419969628944520
266.009279503106	3.54085878922887	0.000410675827321844
266.168168168168	3.54101761978535	0.000407065492249546
266.732732732733	3.54158296428026	0.000394372376623839
267.297297297297	3.54214985003865	0.000381889952320707
267.861861861862	3.54271827935639	0.000369617886872196
268.426426426426	3.54328825454409	0.000357555840361549
268.990990990991	3.54385977792714	0.000345703470021545
269.555555555556	3.54443285184600	0.000334060427884928
270.120120120120	3.54500747865632	0.000322626359335830
270.684684684685	3.54558366072909	0.000311400907100757
271.249249249249	3.54616140045090	0.000300383701398898
271.813813813814	3.54674070022403	0.000289574372448168
272.378378378378	3.54732156246673	0.000278972540487848
272.942942942943	3.54790398961344	0.000268577820014080
273.507507507508	3.54848798411494	0.000258389813101088
274.072072072072	3.54907354843859	0.000248408124418533
274.636636636637	3.54966068506863	0.000238632337292184
275.201201201201	3.55024939650632	0.000229062038005977
275.765765765766	3.55083968527027	0.000219696796077203
276.330330330330	3.55143155389665	0.000210536175189366
276.894894894895	3.55202500493950	0.000201579729661543
277.459459459460	3.55262004097099	0.000192827004645103
278.024024024024	3.55321666458170	0.000184277524470349
278.100610389610	3.55329772237017	0.000183133369921694
278.588588588589	3.55381487838094	0.000175930815686564
279.153153153153	3.55441468499711	0.000167786394828481
279.717717717718	3.55501608707791	0.000159843746922733
280.282282282282	3.55561908729082	0.000152102364767290
280.846846846847	3.55622368832336	0.000144561718201309
281.411411411411	3.55682989288348	0.000137221268339495
281.975975975976	3.55743770369997	0.000130080459692077
282.540540540541	3.55804712352287	0.000123138720627475
283.105105105105	3.55865815512381	0.000116395468211016
283.669669669670	3.55927080129652	0.000109850099010957
284.234234234234	3.55988506485727	0.000103501993975349
284.798798798799	3.56050094864532	9.73505303058702e-05
285.363363363363	3.56111845552341	9.13950401286121e-05
285.927927927928	3.56173758837828	8.56348666571180e-05
286.492492492493	3.56235835012122	8.00693178087416e-05
287.057057057057	3.56298074368860	7.46976825485770e-05
287.621621621622	3.56360477204244	6.95192367837395e-05
288.186186186186	3.56423043817106	6.45332252376074e-05
288.750750750751	3.56485774508967	5.97388797430671e-05
289.315315315315	3.56548669584105	5.51354079521100e-05
289.879879879880	3.56611729349622	5.07219855187460e-05
290.215351403679	3.56649278405748	4.81891480797733e-05
290.444444444444	3.56674954115519	4.64977740228983e-05
291.009009009009	3.56738344194763	4.24619197221361e-05
291.573573573574	3.56801899903379	3.86134949019197e-05
292.138138138138	3.56865621560517	3.49516066770938e-05
292.702702702703	3.56929509488550	3.14753161320993e-05
293.267267267267	3.56993564013154	2.81836231255784e-05
293.831831831832	3.57057785463408	2.50755153752541e-05
294.396396396396	3.57122174171889	2.21499834184266e-05
294.960960960961	3.57186730474775	1.94059121483555e-05
295.525525525526	3.57251454711953	1.68422413773615e-05
296.090090090090	3.57316347227132	1.44578127731800e-05
296.654654654655	3.57381408367956	1.22514371417080e-05
297.219219219219	3.57446638486137	1.02219359139442e-05
297.783783783784	3.57512037937574	8.36803361663646e-06
298.348348348348	3.57577607082494	6.68848044352796e-06
298.912912912913	3.57643346285596	5.18183461569107e-06
299.477477477478	3.57709255916195	3.84680915183270e-06
300.042042042042	3.57775336348383	2.68204344132442e-06
300.606606606607	3.57841587961193	1.68587394043576e-06
301.171171171171	3.57908011138768	8.57043495449329e-07
301.735735735736	3.57974606270546	1.95426896938741e-07
302.240606916020	3.58034306032324	2.59810623141567e-07
302.300300300300	3.58041373751453	3.05382930217969e-07
302.864864864865	3.58108313982097	6.41961670772374e-07
303.429429429429	3.58175427368985	8.18343771561741e-07
303.993993993994	3.58242714324740	8.35528717570078e-07
304.558558558559	3.58310175268338	6.95742221470401e-07
305.123123123123	3.58377810625353	4.00949241133741e-07
305.687687687688	3.58445620828219	4.21468485108940e-08
306.252252252252	3.58513606316491	6.46098953148091e-07
306.816816816817	3.58581767537150	1.39435381475563e-06
307.381381381381	3.58650104944890	2.28954777916298e-06
307.945945945946	3.58718619002449	3.32946765358627e-06
308.510510510511	3.58787310180939	4.51168183970096e-06
309.075075075075	3.58856178960207	5.83379984967512e-06
309.639639639640	3.58925225829209	7.29335351918721e-06
310.204204204204	3.58994451286405	8.88793996528717e-06
310.768768768769	3.59063855840182	1.06147321193857e-05
311.333333333333	3.59133440009296	1.24711235690169e-05
311.897897897898	3.59203204323339	1.44542185298694e-05
312.462462462463	3.59273149323242	1.65610837810633e-05
313.027027027027	3.59343275561794	1.87887748198032e-05
313.591591591592	3.59413583604196	2.11340916112820e-05
314.156156156156	3.59484074028662	2.35938231128894e-05
314.346710705673	3.59507907567728	2.44492774759725e-05
314.720720720721	3.59554747427034	2.61646060475365e-05
315.285285285285	3.59625604405439	2.88429826107260e-05
315.849849849850	3.59696645585009	3.16253336933029e-05
316.414414414414	3.59767871602611	3.45079879940227e-05
316.978978978979	3.59839283111641	3.74870807708477e-05
317.543543543544	3.59910880782870	4.05586395818743e-05
318.108108108108	3.59982665305328	4.37185442276111e-05
318.672672672673	3.60054637387265	4.69625313915247e-05
319.237237237237	3.60126797757146	5.02861801703679e-05
319.801801801802	3.60199147164735	5.36849277764906e-05
320.366366366366	3.60271686382240	5.71540404202437e-05
320.930930930931	3.60344416205516	6.06886154132313e-05
321.495495495496	3.60417337455379	6.42835886654137e-05
322.060060060060	3.60490450978981	6.79336993197023e-05
322.624624624625	3.60563757651280	7.16335194849247e-05
323.189189189189	3.60637258376624	7.53773968627795e-05
323.753753753754	3.60710954090420	7.91595181466643e-05
324.318318318318	3.60784845760940	8.29738349644527e-05
324.882882882883	3.60858934391224	8.68140986151265e-05
325.447447447447	3.60933221021138	9.06738242162912e-05
326.012012012012	3.61007706729567	9.45463118883568e-05
326.429070121951	3.61062859711940	9.74111553916986e-05
326.576576576577	3.61082392636753	9.84246185891103e-05
327.141141141141	3.61157279906817	0.000102301558267732
327.705705705706	3.61232369750439	0.000106169680748720
328.270270270270	3.61307663427749	0.000110021290512180
328.834834834835	3.61383162251416	0.000113848409516597
329.399399399399	3.61458867589966	0.000117642794348640
329.963963963964	3.61534780871341	0.000121395903661345
330.528528528529	3.61610903586725	0.000125098907340223
331.093093093093	3.61687237294652	0.000128742676460486
331.657657657658	3.61763783625420	0.000132317757071698
332.222222222222	3.61840544285848	0.000135814405130147
332.786786786787	3.61917521064377	0.000139222527502519
333.351351351351	3.61994715836586	0.000142531706052487
333.915915915916	3.62072130571107	0.000145731192896488
334.480480480481	3.62149767336019	0.000148809898462943
335.045045045045	3.62227628305734	0.000151756372440963
335.609609609610	3.62305715768420	0.000154558834925663
336.174174174174	3.62384032134022	0.000157205143231916
336.738738738739	3.62462579942901	0.000159682809582481
337.303303303303	3.62541361875193	0.000161979002662870
337.867867867868	3.62620380760891	0.000164080539375463
338.432432432432	3.62699639590753	0.000165973914844392
338.519035682023	3.62711819186266	0.000166245066479083
338.996996996997	3.62779141528105	0.000167645297954009
339.561561561562	3.62858889921576	0.000169080554772906
340.126126126126	3.62938888318909	0.000170265260937769
340.690690690691	3.63019140481871	0.000171184744737650
341.255255255255	3.63099650402408	0.000171824102772495
341.819819819820	3.63180422320115	0.000172168251158442
342.384384384384	3.63261460741145	0.000172201978548886
342.948948948949	3.63342770458675	0.000171910004901216
343.513513513514	3.63424356575054	0.000171277047793484
344.078078078078	3.63506224525743	0.000170287930074420
344.642642642643	3.63588380105226	0.000168927663042390
345.207207207207	3.63670829495008	0.000167181585613854
345.771771771772	3.63753579293851	0.000165035512646784
346.336336336336	3.63836636550422	0.000162475912414540
346.900900900901	3.63920008798479	0.000159490095792984
347.465465465466	3.64003704094772	0.000156066476430047
348.030030030030	3.64087731059780	0.000152194840663779
348.594594594595	3.64172098921438	0.000147866687512161
349.159159159159	3.64256817561927	0.000143075608109272
349.723723723724	3.64341897567641	0.000137817742487118
350.288288288288	3.64427350282313	0.000132092287907348
350.593448719448	3.64473698912417	0.000128803713502599
350.852852852853	3.64513187863310	0.000125902128709416
351.417417417417	3.64599423340926	0.000119254524619023
351.981981981982	3.64686070680448	0.000112161953931424
352.546546546547	3.64773144846608	0.000104643049857838
353.111111111111	3.64860661869787	9.67236978668861e-05
353.675675675676	3.64948638913147	8.84383351941238e-05
354.240240240240	3.65037094339488	7.98313936990194e-05
354.804804804805	3.65126047776210	7.09590292030650e-05
355.369369369369	3.65215520176261	6.18910505461230e-05
355.933933933934	3.65305533872256	5.27131731214287e-05
356.498498498499	3.65396112620143	4.35295846701426e-05
357.063063063063	3.65487281627777	3.44658929978843e-05
357.627627627628	3.65579067562487	2.56724823313243e-05
358.192192192192	3.65671498530254	1.73282758196908e-05
358.756756756757	3.65764604017211	9.64500032776317e-06
359.321321321321	3.65858414782095	2.87202245530133e-06
359.885885885886	3.65952962685660	2.69805676883609e-06
360.450450450451	3.66048280440144	6.72417272321839e-06
361.015015015015	3.66144401258616	8.80954835022643e-06
361.579579579580	3.66241358380355	8.49517800368621e-06
362.144144144144	3.66339184444725	5.25231584311967e-06
362.681415436729	3.66433116717304	1.10630459745351e-06
362.708708708709	3.66437910682267	1.52516860746431e-06
363.273273273273	3.66537565888597	1.25281462889490e-05
363.837837837838	3.66638175144600	2.85401859044059e-05
364.402402402402	3.66739758246297	5.04433161453941e-05
364.966966966967	3.66842327810859	7.92234469535166e-05
365.531531531532	3.66945887032992	0.000115972891516480
366.096096096096	3.67050427080364	0.000161889608535295
366.660660660661	3.67155924139974	0.000218271716801959
367.225225225225	3.67262336161663	0.000286505791502709
367.527838666176	3.67319729738744	0.000328463529637031
367.789789789790	3.67369599392214	0.000368047275588491
368.354354354354	3.67477624854517	0.000464391304096271
368.918918918919	3.67586295000011	0.000577032431389041
369.483483483484	3.67695460844652	0.000707412090456643
370.048048048048	3.67804939980354	0.000856853486393882
370.612612612613	3.67914515921000	0.00102648474938525
371.177177177177	3.68023939275187	0.00121715281798682
371.741741741742	3.68132931213805	0.00142933249504840
372.306306306306	3.68241189596275	0.00166303721669827
372.366734567135	3.68252720490582	0.00168931058958867
372.870870870871	3.68348397919331	0.00191773999409974
373.435435435435	3.68454236955893	0.00219231424616056
374	3.68558398582243	0.00248500434845479
374.564564564565	3.68660600899113	0.00279343426777468
375.129129129129	3.68760603410262	0.00311465947993192
375.693693693694	3.68858220812853	0.00344526269151657
376.258258258258	3.68953333948084	0.00378148835828608
376.822822822823	3.69045896690753	0.00411940562297431
377.192322596880	3.69105107730484	0.00433959588524562
377.387387387387	3.69135938002821	0.00445508515958674
377.951951951952	3.69223558963503	0.00478477344644305
378.516516516517	3.69308925204661	0.00510504860150738
379.081081081081	3.69392255706530	0.00541294494180262
379.645645645646	3.69473809252210	0.00570603814637745
380.210210210210	3.69553869956256	0.00598248828377245
380.774774774775	3.69632733183683	0.00624104296540043
381.339339339339	3.69710692914507	0.00648100673177654
381.903903903904	3.69788031261111	0.00670218505593453
382.047225691347	3.69807597564314	0.00675536374248015
382.468468468469	3.69865010485640	0.00690481207189033
383.033033033033	3.69941867549986	0.00708947057972310
383.597597597598	3.70018810994742	0.00725701147715709
384.162162162162	3.70096019795495	0.00740847796345253
384.726726726727	3.70173643777293	0.00754503801880656
385.291291291291	3.70251805163555	0.00766792702214440
385.855855855856	3.70330600873481	0.00777840107113985
386.420420420420	3.70410105243096	0.00787770063151032
386.878897922313	3.70475229662629	0.00795094681626361
386.984984984985	3.70490372914610	0.00796702355229448
387.549549549550	3.70571441706286	0.00804750616759284
388.114114114114	3.70653335334623	0.00812021110317109
388.678678678679	3.70736065909590	0.00818612044114919
389.243243243243	3.70819636161380	0.00824613301770043
389.807807807808	3.70904041384767	0.00830106479345197
390.372372372372	3.70989271106023	0.00835165141277373
390.936936936937	3.71075310489398	0.00839855224085415
391.501501501502	3.71162141507034	0.00844235531993958
391.731945642232	3.71197807114448	0.00845946717729255
392.066066066066	3.71249743899216	0.00848358282273013
392.630630630631	3.71338095952536	0.00852269668907124
393.195195195195	3.71427175122354	0.00856010422279583
393.759759759760	3.71516958523969	0.00859616349555573
394.324324324324	3.71607423314367	0.00863118845830894
394.888888888889	3.71698546983716	0.00866545370163750
395.453453453454	3.71790307573157	0.00869919883628777
396.018018018018	3.71882683832918	0.00873263248521018
396.550870370370	3.71970417582440	0.00876406585755422
396.582582582583	3.71975655332600	0.00876593589417957
397.147147147147	3.72069202533440	0.00879926617744249
397.711711711712	3.72163306830685	0.00883275922018686
398.276276276276	3.72257950572716	0.00886653226382630
398.840840840841	3.72353117062329	0.00890068620020240
399.405405405405	3.72448790544536	0.00893530760323044
399.969969969970	3.72544956184402	0.00897047052183838
400.534534534535	3.72641600037699	0.00900623806113660
401.099099099099	3.72738709016598	0.00904266377362317
401.382324273665	3.72787597004871	0.00906119988040696
401.663663663664	3.72836270852134	0.00907979288164383
402.228228228228	3.72934274054796	0.00911766335109329
402.792792792793	3.73032707874279	0.00915630683281754
403.357357357357	3.73131562259208	0.00919574948809494
403.921921921922	3.73230827817405	0.00923601271150485
404.486486486487	3.73330495777152	0.00927711376418145
405.051051051051	3.73430557949755	0.00931906632761294
405.615615615616	3.73531006693630	0.00936188098847581
406.180180180180	3.73631834880017	0.00940556566272185
406.222842818428	3.73639469427310	0.00940890232489403
406.744744744745	3.73733035860450	0.00945012596598997
407.309309309309	3.73834603435959	0.00949556553776375
407.873873873874	3.73936531828043	0.00954188632436960
408.438438438438	3.74038815651362	0.00958908882631420
409.003003003003	3.74141449888106	0.00963717231413211
409.567567567568	3.74244429863998	0.00968613501710221
410.132132132132	3.74347751225821	0.00973597428735403
410.696696696697	3.74451409920442	0.00978668674338861
411.068775538187	3.74519909236084	0.00982058448017925
411.261261261261	3.74555402175225	0.00983826839521535
411.825825825826	3.74659724479762	0.00989071475277010
412.390390390390	3.74764373568852	0.00994402092086229
412.954954954955	3.74869346406631	0.00999818168140184
413.519519519520	3.74974640171810	0.0100531915647622
414.084084084084	3.75080252243918	0.0101090449116462
414.648648648649	3.75186180190505	0.0101657359267884
415.213213213213	3.75292421755225	0.0102232587252697
415.777777777778	3.75398974846747	0.0102816073723760
415.916284683685	3.75425163311901	0.0102960477591472
416.342342342342	3.75505837528437	0.0103407759178698
416.906906906907	3.75613008008751	0.0104007584255563
417.471471471472	3.75720484632287	0.0104615489983639
418.036036036036	3.75828265871462	0.0105231417995841
418.600600600601	3.75936350318754	0.0105855310713089
419.165165165165	3.76044736679476	0.0106487111493200
419.729729729730	3.76153423765048	0.0107126764760808
420.294294294294	3.76262410486719	0.0107774216110685
420.702298624754	3.76341359892517	0.0108246945871008
420.858858858859	3.76371695849715	0.0108429412395634
421.423423423423	3.76481278947791	0.0109092301796223
421.987987987988	3.76591158958131	0.0109762833874247
422.552552552553	3.76701335136603	0.0110440959617363
423.117117117117	3.76811806813318	0.0111126631470839
423.681681681682	3.76922573388494	0.0111819803356128
424.246246246246	3.77033634328580	0.0112520430690256
424.810810810811	3.77144989162637	0.0113228470388309
425.375375375375	3.77256637478959	0.0113943880868485
425.539330021292	3.77289116096344	0.0114153017844532
425.939939939940	3.77368578921902	0.0114666622042952
426.504504504505	3.77480813188927	0.0115396655314010
427.069069069069	3.77593340027825	0.0116133943556991
427.633633633634	3.77706159234116	0.0116878451109148
428.198198198198	3.77819270648624	0.0117630143748420
428.762762762763	3.77932674155185	0.0118388988673456
429.327327327327	3.78046369678518	0.0119154954481892
429.891891891892	3.78160357182213	0.0119928011146263
430.427075376884	3.78268682129111	0.0120667357271793
430.456456456457	3.78274636666848	0.0120708129989157
431.021021021021	3.78389208168223	0.0121495283656609
431.585585585586	3.78504071755699	0.0122289446092742
432.150150150150	3.78619227530637	0.0123090592513125
432.714714714715	3.78734675624935	0.0123898699374439
433.279279279279	3.78850416199641	0.0124713744351340
433.843843843844	3.78966449443669	0.0125535706305719
434.408408408408	3.79082775572569	0.0126364565260358
434.972972972973	3.79199394827381	0.0127200302371924
435.238760162602	3.79254398704448	0.0127596129070284
435.537537537538	3.79316307473558	0.0128042899903360
436.102102102102	3.79433513799938	0.0128892341198167
436.666666666667	3.79551014117796	0.0129748610653428
437.231231231231	3.79668808759932	0.0130611693693036
437.795795795796	3.79786898079818	0.0131481576744183
438.360360360360	3.79905282450798	0.0132358247211631
438.924924924925	3.80023962265324	0.0133241693452225
439.489489489490	3.80142937934249	0.0134131904753304
440.054054054054	3.80262209886139	0.0135028871306980
440.094624192601	3.80270792302684	0.0135093588082603
440.618618618619	3.80381778566644	0.0135932584188981
441.183183183183	3.80501644437892	0.0136843035336041
441.747747747748	3.80621807977922	0.0137760217523865
442.312312312312	3.80742269680142	0.0138684124347257
442.876876876877	3.80863030052824	0.0139614750198216
443.441441441441	3.80984089618622	0.0140552090247149
444.006006006006	3.81105448914121	0.0141496140423340
444.570570570571	3.81227108489400	0.0142446897395634
444.927957850994	3.81304278323955	0.0143052222121196
445.135135135135	3.81349068907635	0.0143404358555229
445.699699699700	3.81471330744708	0.0144368521997412
446.264264264264	3.81593894588846	0.0145339386504128
446.828828828829	3.81716761040274	0.0146316951528293
447.393393393393	3.81839930710895	0.0147301217177056
447.957957957958	3.81963404223978	0.0148292184196469
448.522522522523	3.82087182213867	0.0149289853956646
449.087087087087	3.82211265325702	0.0150294228436773
449.651651651652	3.82335654215164	0.0151305310210907
449.733660366037	3.82353748433893	0.0151452738162490
450.216216216216	3.82460349548225	0.0152323102434809
450.780780780781	3.82585352000912	0.0153347608832627
451.345345345345	3.82710662259086	0.0154378833683156
451.909909909910	3.82836281018235	0.0155416781809422
452.474474474475	3.82962208983272	0.0156461458564638
453.039039039039	3.83088446868350	0.0157512869821751
453.603603603604	3.83214995396685	0.0158571021962232
454.168168168168	3.83341855300385	0.0159635921864983
454.575372251706	3.83433549381498	0.0160408196162046
454.732732732733	3.83469027320289	0.0160707576896186
455.297297297297	3.83596512205825	0.0161785994898711
455.861861861862	3.83724310714863	0.0162871184182987
456.426426426426	3.83852423613579	0.0163963153517137
456.990990990991	3.83980851676329	0.0165061912118021
457.555555555556	3.84109595685534	0.0166167469641808
458.120120120120	3.84238656431562	0.0167279836177315
458.684684684685	3.84368034712622	0.0168399022235898
459.249249249249	3.84497731334666	0.0169525038744370
459.381639595464	3.84528191348234	0.0169790079415056
459.813813813814	3.84627747111295	0.0170657897036895
460.378378378378	3.84758082863663	0.0171797608848242
460.942942942943	3.84888739420404	0.0172944186306293
461.507507507508	3.85019717617544	0.0174097641925106
462.072072072072	3.85151018298433	0.0175257988598274
462.636636636637	3.85282642313672	0.0176425239592815
463.201201201201	3.85414590521051	0.0177599408542821
463.765765765766	3.85546863785489	0.0178780509443131
464.218733353980	3.85653226326792	0.0179733164885068
464.330330330330	3.85679462978972	0.0179968556644029
464.894894894895	3.85812388980508	0.0181163564845430
465.459459459460	3.85945642676071	0.0182365549092065
466.024024024024	3.86079224958560	0.0183574524767192
466.588588588589	3.86213136727758	0.0184790507588504
467.153153153153	3.86347378890284	0.0186013513603292
467.717717717718	3.86481952359571	0.0187243559183817
468.282282282282	3.86616858055824	0.0188480661021975
468.846846846847	3.86752096905993	0.0189724836126074
469.085366922234	3.86809333630782	0.0190252611111294
469.411411411411	3.86887669843741	0.0190976101816153
469.975975975976	3.87023577809432	0.0192234475720220
470.540540540541	3.87159821750095	0.0193499975769990
471.105105105105	3.87296402619414	0.0194772620197746
471.669669669670	3.87433321377705	0.0196052427532685
472.234234234234	3.87570578991909	0.0197339416596336
472.798798798799	3.87708176435568	0.0198633606501092
473.363363363363	3.87846114688825	0.0199935016645978
473.905245020550	3.87978832360740	0.0201190948310618
473.927927927928	3.87984394738412	0.0201243666712833
474.492492492493	3.88123017577644	0.0202559576665771
475.057057057057	3.88261984206410	0.0203882766745260
475.621621621622	3.88401295631177	0.0205213257468315
476.186186186186	3.88540952864989	0.0206551069623372
476.750750750751	3.88680956927458	0.0207896224269666
477.315315315315	3.88821308844782	0.0209248742734143
477.879879879880	3.88962009649738	0.0210608646608116
478.444444444444	3.89103060381686	0.0211975957747034
478.748735228362	3.89179229845275	0.0212715995267170
479.009009009009	3.89244462086589	0.0213350698267180
479.573573573574	3.89386215817010	0.0214732890543171
480.138138138138	3.89528322632127	0.0216122557207039
480.702702702703	3.89670783597741	0.0217519721146171
481.267267267267	3.89813599786298	0.0218924405500561
481.831831831832	3.89956772276893	0.0220336633662434
482.396396396396	3.90100302155289	0.0221756429273336
482.960960960961	3.90244190513939	0.0223183816223751
483.525525525526	3.90388438451995	0.0224618818651022
483.614224874980	3.90411134158634	0.0224844967252503
484.090090090090	3.90533047075339	0.0226061460937576
484.654654654655	3.90678017496591	0.0227511767710055
485.219219219219	3.90823350835139	0.0228969763838322
485.783783783784	3.90969048217160	0.0230435474433400
486.348348348348	3.91115110775644	0.0231908924846871
486.912912912913	3.91261539650419	0.0233390140669768
487.477477477478	3.91408335988176	0.0234879147730991
488.042042042042	3.91555500942495	0.0236375972097319
488.420426849137	3.91654341346434	0.0237383568475782
488.606606606607	3.91703035673881	0.0237880640071232
489.171171171171	3.91850941349784	0.0239393178190890
489.735735735736	3.91999219144630	0.0240913613229417
490.300300300300	3.92147870239864	0.0242441972193158
490.864864864865	3.92296895823965	0.0243978282322031
491.429429429429	3.92446297092491	0.0245522571088106
491.993993993994	3.92596075248110	0.0247074866195346
492.558558558559	3.92746231500635	0.0248635195578505
493.123123123123	3.92896767067058	0.0250203587403517
493.241951299770	3.92928499862273	0.0250534728429919
493.687687687688	3.93047683171593	0.0251780070065974
494.252252252252	3.93198981045707	0.0253364672191263
494.816816816817	3.93350661928161	0.0254957422633689
495.381381381381	3.93502727065052	0.0256558350476877
495.945945945946	3.93655177709850	0.0258167485032120
496.510510510511	3.93808015123444	0.0259784855839220
497.075075075075	3.93961240574178	0.0261410492665790
497.639639639640	3.94114855337901	0.0263044425506953
498.076853297890	3.94234086958965	0.0264315505336078
498.204204204204	3.94268860698007	0.0264686684584908
498.768768768769	3.94423257945480	0.0266337300349211
499.333333333333	3.94578048378942	0.0267996303476069
499.897897897898	3.94733233304695	0.0269663724868681
500.462462462462	3.94888814036778	0.0271339595657257
501.027027027027	3.95044791897004	0.0273023947197759
501.591591591592	3.95201168215016	0.0274716811073620
502.156156156156	3.95357944328337	0.0276418219094049
502.720720720721	3.95515121582419	0.0278128203295283
502.923096795840	3.95571561899135	0.0278743265380295
503.285285285285	3.95672701330696	0.0279846795939921
503.849849849850	3.95830684934633	0.0281574029516762
504.414414414414	3.95989073763789	0.0283309936741766
504.978978978979	3.96147869195861	0.0285054550557282
505.543543543544	3.96307072616745	0.0286807904132406
506.108108108108	3.96466685420593	0.0288570030863331
506.672672672673	3.96626709009863	0.0290340964373093
507.237237237237	3.96787144795386	0.0292120738511943
507.778553523035	3.96941362373843	0.0293835556707185
507.801801801802	3.96947994196422	0.0293909387357410
508.366366366366	3.97109258640717	0.0295706945214976
508.930930930931	3.97270939564564	0.0297513446616943
509.495495495496	3.97433038412870	0.0299328926324612
510.060060060060	3.97595556639210	0.0301153419326256
510.624624624625	3.97758495705899	0.0302986960839578
511.189189189189	3.97921857084051	0.0304829586309849
511.753753753754	3.98085642253647	0.0306681331412032
512.318318318318	3.98249852703597	0.0308542232049376
512.641002051984	3.98343900760011	0.0309609978269767
512.882882882883	3.98414489931815	0.0310412324355066
513.447447447447	3.98579555445278	0.0312291644691537
514.012012012012	3.98745050760102	0.0314180229651225
514.576576576577	3.98910977401611	0.0316078116056167
515.141141141141	3.99077336904407	0.0317985340959428
515.705705705706	3.99244130812439	0.0319901941644524
516.270270270270	3.99411360679084	0.0321827955625418
516.834834834835	3.99579028067213	0.0323763420647743
517.399399399399	3.99747134549276	0.0325708374688470
517.418809112875	3.99752921871857	0.0325775411336349
517.963963963964	3.99915681707367	0.0327662855955725
518.528528528529	4.00084671133310	0.0329626902890342
519.093093093093	4.00254104428734	0.0331600554164549
519.657657657658	4.00423983205154	0.0333583848683478
520.222222222222	4.00594309084052	0.0335576825584628
520.786786786787	4.00765083696958	0.0337579524238649
521.351351351351	4.00936308685531	0.0339591984248774
521.915915915916	4.01107985701653	0.0341614245451428
522.286512195122	4.01220925941151	0.0342947063201754
522.480480480481	4.01280116407501	0.0343646347916929
523.045045045045	4.01452702475642	0.0345688331948220
523.609609609610	4.01625745589122	0.0347740238082562
524.174174174174	4.01799247441552	0.0349802107090998
524.738738738739	4.01973209737197	0.0351873979977683
525.303303303303	4.02147634191074	0.0353955897981099
525.867867867868	4.02322522529040	0.0356047902573842
526.432432432432	4.02497876487889	0.0358150035461516
526.996996996997	4.02673697815449	0.0360262338584730
527.153961666960	4.02722664311940	0.0360851430237786
527.561561561562	4.02849988270675	0.0362384854116470
528.126126126126	4.03026749623756	0.0364517624464526
528.690690690691	4.03203983656207	0.0366660692269089
529.255255255255	4.03381692160974	0.0368814100404867
529.819819819820	4.03559876942542	0.0370977891978177
530.384384384384	4.03738539817033	0.0373152110329009
530.948948948949	4.03917682612320	0.0375336799029308
531.513513513514	4.04097307168126	0.0377532001882823
531.924162526615	4.04228264927393	0.0379135363503276
532.078078078078	4.04277415336144	0.0379737762925514
532.642642642643	4.04458008980144	0.0381954126423242
533.207207207207	4.04639089976083	0.0384181136872631
533.771771771772	4.04820660212231	0.0386418839000600
534.336336336336	4.05002721589276	0.0388667277762173
534.900900900901	4.05185276020452	0.0390926498340709
535.465465465466	4.05368325431655	0.0393196546146860
536.030030030030	4.05551871761569	0.0395477466817410
536.594594594595	4.05735916961793	0.0397769306214466
536.781482542525	4.05796951729972	0.0398530387718473
537.159159159159	4.05920462996959	0.0400072110423853
537.723723723724	4.06105511844876	0.0402385925754096
538.288288288288	4.06291065496648	0.0404710798734847
538.852852852853	4.06477125956814	0.0407046776115661
539.417417417418	4.06663695243489	0.0409393904864235
539.981981981982	4.06850775388492	0.0411752232164354
540.546546546547	4.07038368437495	0.0414121805414409
541.111111111111	4.07226476450165	0.0416502672225178
541.630457091238	4.07399974551878	0.0418702858465942
541.675675675676	4.07415101500313	0.0418894880417341
542.240240240240	4.07604245676033	0.0421298478019988
542.804804804805	4.07793911079868	0.0423713513266944
543.369369369369	4.07984099828956	0.0426140034594752
543.933933933934	4.08174814055186	0.0428578090639964
544.498498498499	4.08366055905369	0.0431027730235771
545.063063063063	4.08557827541391	0.0433489002408204
545.627627627628	4.08750131140386	0.0435961956373759
546.192192192192	4.08942968894906	0.0438446641534938
546.468206343420	4.09037441849781	0.0439665682305387
546.756756756757	4.09136343013095	0.0440943107476426
547.321321321321	4.09330255718864	0.0443451403960255
547.885885885886	4.09524709252079	0.0445971580923009
548.450450450451	4.09719705868740	0.0448503688469025
549.015015015015	4.09915247841173	0.0451047776866860
549.579579579580	4.10111337458224	0.0453603896542809
550.144144144144	4.10307977025458	0.0456172098076289
550.708708708709	4.10505168865355	0.0458752432192726
551.273273273273	4.10702915317529	0.0461344949757735
551.291757999265	4.10709399249020	0.0461430039400622
551.837837837838	4.10901218738928	0.0463949701770418
552.402402402403	4.11100081504057	0.0466566739355450
552.966966966967	4.11299506005201	0.0469196113756267
553.531531531532	4.11499494652649	0.0471837876326685
554.096096096096	4.11700049874929	0.0474492078521944
554.660660660661	4.11901174119049	0.0477158771889968
555.225225225225	4.12102869850739	0.0479838008062065
555.789789789790	4.12305139554707	0.0482529838742207
556.098048599518	4.12415824315140	0.0484004943865661
556.354354354354	4.12507985734895	0.0485234315696385
556.918918918919	4.12711410914740	0.0487951490741333
557.483483483484	4.12915417637460	0.0490681415732827
558.048048048048	4.13120008466320	0.0493424142552316
558.612612612613	4.13325185984929	0.0496179723093575
559.177177177177	4.13530952797535	0.0498948209249019
559.741741741742	4.13737311529332	0.0501729652893773
560.306306306306	4.13944264826770	0.0504524105870200
560.870870870871	4.14151815357887	0.0507331619971164
560.988880988024	4.14195275063012	0.0507920125824532
561.435435435436	4.14359965812637	0.0510152246921700
562	4.14568718903242	0.0512986038360414
562.564564564565	4.14778077364541	0.0515833045819731
563.129129129129	4.14988043954365	0.0518693320703708
563.693693693694	4.15198621453917	0.0521566914267417
564.258258258258	4.15409812668159	0.0524453877591421
564.822822822823	4.15621620426230	0.0527354261557772
565.387387387387	4.15834047581863	0.0530268116823632
565.752892998679	4.15971907036674	0.0532161787993648
565.951951951952	4.16047097013818	0.0533195493791964
566.516516516517	4.16260771626344	0.0536136442583051
567.081081081081	4.16475074349647	0.0539091013003056
567.645645645646	4.16690008140375	0.0542059254509245
568.210210210210	4.16905575982129	0.0545041216175933
568.774774774775	4.17121780885994	0.0548036946656778
569.339339339339	4.17338625891084	0.0551046494144859
569.903903903904	4.17556114065116	0.0554069906330331
570.468468468469	4.17774248505007	0.0557107230356724
570.598511610202	4.17824586014255	0.0557808831005851
571.033033033033	4.17993032337500	0.0560158512772476
571.597597597598	4.18212468719808	0.0563223799481685
572.162162162162	4.18432560840294	0.0566303135689756
572.726726726727	4.18653311919187	0.0569396565848366
573.291291291291	4.18874725209316	0.0572504133593438
573.855855855856	4.19096803996897	0.0575625881682923
574.420420420421	4.19319551602339	0.0578761851928418
574.984984984985	4.19542971381110	0.0581912085122430
575.527851794970	4.19758441605677	0.0584954734476363
575.549549549550	4.19767066724628	0.0585076620962704
576.114114114114	4.19991841061212	0.0588255497970131
576.678678678679	4.20217297857070	0.0591448753402034
577.243243243243	4.20443440617349	0.0594656423159248
577.807807807808	4.20670272887244	0.0597878541688467
578.372372372372	4.20897798253149	0.0601115141876989
578.936936936937	4.21126020343898	0.0604366254940481
579.501501501502	4.21354942832064	0.0607631910304085
580.066066066066	4.21584569435328	0.0610912135475005
580.318346883469	4.21687408785125	0.0612382650753981
580.630630630631	4.21814903917944	0.0614206955906212
581.195195195195	4.22045950092280	0.0617516394851834
581.759759759760	4.22277711820458	0.0620840473211017
582.324324324324	4.22510193016104	0.0624179209363054
582.888888888889	4.22743397646195	0.0627532618988656
583.453453453453	4.22977329733036	0.0630900714880368
584.018018018018	4.23211993356375	0.0634283506738279
584.582582582583	4.23447392655635	0.0637681000952366
585.147147147147	4.23683531832333	0.0641093200367501
585.189260199102	4.23701176137203	0.0641348318873776
585.711711711712	4.23920415152638	0.0644520104032275
586.276276276276	4.24158046950129	0.0647961706928256
586.840840840841	4.24396431628746	0.0651417999680647
587.405405405406	4.24635573665961	0.0654888968244805
587.969969969970	4.24875477616185	0.0658374593570704
588.534534534535	4.25116148114429	0.0661874851240553
589.099099099099	4.25357589880270	0.0665389711078033
589.663663663664	4.25599807722103	0.0668919136726903
590.026486912025	4.25755883436068	0.0671195027238052
590.228228228228	4.25842806541753	0.0672463085196453
590.792792792793	4.26086591339467	0.0676021506368894
591.357357357357	4.26331167219309	0.0679594342467792
591.921921921922	4.26576539395023	0.0683181527481761
592.486486486487	4.26822713196401	0.0686782986540115
593.051051051051	4.27069694076210	0.0690398635235491
593.615615615616	4.27317487617741	0.0694028378888474
594.180180180180	4.27566099543047	0.0697672111747540
594.744744744745	4.27815535721946	0.0701329716119860
594.826305555556	4.27851639451449	0.0701859257550087
595.309309309309	4.28065802181868	0.0705001061423023
595.873873873874	4.28316905118668	0.0708686003151697
596.438438438439	4.28568850908486	0.0712384381749661
597.003003003003	4.28821646120794	0.0716096021375812
597.567567567568	4.29075297532773	0.0719820728555478
598.132132132132	4.29329812145192	0.0723558290700531
598.696696696697	4.29585197199949	0.0727308474487873
599.261261261261	4.29841460199515	0.0731071024075970
599.704856971394	4.30043434889849	0.0734035868341045
599.825825825826	4.30098608928512	0.0734845659144965
600.390390390390	4.30356651477710	0.0738632072736001
600.954954954955	4.30615596270765	0.0742429928868711
601.519519519520	4.30875452094075	0.0746238859907852
602.084084084084	4.31136228130204	0.0750058463650691
602.648648648649	4.31397933995334	0.0753888300097595
603.213213213213	4.31660579781397	0.0757727887869226
603.777777777778	4.31924176103524	0.0761576700220334
604.342342342342	4.32188734153634	0.0765434160601292
604.542161726155	4.32282603248378	0.0766801407553174
604.906906906907	4.32454265761129	0.0769299637706494
605.471471471472	4.32720783461769	0.0773172439937391
606.036036036036	4.32988300576095	0.0777051809202817
606.600600600601	4.33256831298935	0.0780936913962969
607.165165165165	4.33526390801886	0.0784826841408408
607.729729729730	4.33796995350975	0.0788720588649008
608.294294294294	4.34068662442224	0.0792617052768948
608.858858858859	4.34341410958307	0.0796515019574447
609.334264227642	4.34571939212092	0.0799797583747112
609.423423423424	4.34615261350247	0.0800413150838427
609.987987987988	4.34890235848884	0.0804309969806215
610.552552552553	4.35166358711934	0.0808203844691601
611.117117117117	4.35443656513757	0.0812092969838595
611.681681681682	4.35722158486625	0.0815975344172268
612.246246246246	4.36001896924377	0.0819848746490611
612.810810810811	4.36282907662043	0.0823710707071990
613.375375375375	4.36565230648445	0.0827558474974647
613.939939939940	4.36848910633254	0.0831388980296567
614.202946117599	4.36981542087150	0.0833166604216625
614.504504504505	4.37133997995732	0.0835198790532142
615.069069069069	4.37420549749998	0.0838984060012310
615.633633633634	4.37708630771588	0.0842740471248703
616.198198198198	4.37998315303421	0.0846463166813670
616.762762762763	4.38289688817032	0.0850146670201463
617.327327327327	4.38582850329050	0.0853784793937314
617.891891891892	4.38877915305774	0.0857370533079018
618.456456456457	4.39175019333995	0.0860895942259932
619.021021021021	4.39474322799316	0.0864351994695074
619.022213504027	4.39474957449870	0.0864359214210272
619.585585585586	4.39776016902009	0.0867728422346294
620.150150150150	4.40080331466752	0.0871013538173286
620.714714714715	4.40387545184416	0.0874194044866579
621.279279279279	4.40697999188869	0.0877254841105729
621.843843843844	4.41012115262155	0.0880178848848061
622.408408408409	4.41330420543965	0.0882946908282479
622.972972972973	4.41653581500775	0.0885537830047904
623.537537537537	4.41982451251921	0.0887928774613319
623.787885975863	4.42130388173616	0.0888918868168606
624.102102102102	4.42318136414096	0.0890096280495257
624.666666666667	4.42662092811893	0.0892018554276186
625.231231231231	4.43016264290013	0.0893680204773700
625.795795795796	4.43383286168037	0.0895081739941980
626.360360360360	4.43766785011167	0.0896258462416817
626.924924924925	4.44171817510528	0.0897318223895286
627.489489489490	4.44605492007803	0.0898517690892856
628.054054054054	4.45077760034643	0.0900418274171442
628.618618618619	4.45602083819164	0.0904206222052881
628.627506814846	4.45610840617886	0.0904291683977487
629.183183183183	4.46194617718786	0.0912333987209438
629.747747747748	4.46867074186193	0.0929672167107120
630.312312312312	4.47599894218194	0.0964825957971387
630.876876876877	4.48277454152058	0.102824532141802
631.441441441442	4.48641258757529	0.111832653942321
632.006006006006	4.48502440471609	0.120333701937370
632.570570570571	4.48074828183498	0.124758012114816
633.135135135135	4.47717825405017	0.125247642742471
633.542810650888	4.47587965900553	0.124342653138068
633.699699699700	4.47565913558628	0.123878005126664
634.264264264264	4.47589454760541	0.122092153578483
634.828828828829	4.47728874370083	0.120471508789282
635.393393393393	4.47939321969226	0.119168201038404
635.957957957958	4.48192930431250	0.118179451110601
636.522522522523	4.48473221750893	0.117459773858110
637.087087087087	4.48770473153988	0.116959370364840
637.651651651652	4.49078860177442	0.116635121238761
638.216216216216	4.49394820452428	0.116452376854488
638.399612436116	4.49498690834030	0.116418756919260
638.780780780781	4.49716127902392	0.116384021096663
639.345345345345	4.50041363397287	0.116408982755444
639.909909909910	4.50369606234199	0.116510859196577
640.474474474475	4.50700250309602	0.116676806073498
641.039039039039	4.51032892107396	0.116896686143726
641.603603603604	4.51367260960967	0.117162429475475
642.168168168168	4.51703174750822	0.117467555275813
642.732732732733	4.52040511232720	0.117806814047365
643.193430594293	4.52316782344016	0.118105940779762
643.297297297297	4.52379189163988	0.118175918466436
643.861861861862	4.52719155686741	0.118571339595153
644.426426426427	4.53060377775702	0.118990151360121
644.990990990991	4.53402836368369	0.119429910890961
645.555555555556	4.53746522291191	0.119888565687433
646.120120120120	4.54091433404285	0.120364381012068
646.684684684685	4.54437572582988	0.120855882650958
647.249249249249	4.54784946280464	0.121361811444976
647.813813813814	4.55133563497833	0.121881086906490
648.059788153913	4.55285843655220	0.122111262385632
648.378378378378	4.55483435042719	0.122412777902550
648.942942942943	4.55834572993577	0.122956078874942
649.507507507508	4.56186990311933	0.123510290429319
650.072072072072	4.56540700561600	0.124074803395402
650.636636636637	4.56895717705720	0.124649085662866
651.201201201201	4.57252055960676	0.125232671250576
651.765765765766	4.57609729691716	0.125825151183609
652.330330330330	4.57968753339282	0.126426165841845
652.858140243902	4.58305637346263	0.126995491419827
652.894894894895	4.58329141367959	0.127035398512863
653.459459459460	4.58690908232120	0.127652569935772
654.024024024024	4.59054068353881	0.128277433664068
654.588588588589	4.59418636110105	0.128909772109061
655.153153153153	4.59784625826053	0.129549393150989
655.717717717718	4.60152051773875	0.130196127226019
656.282282282282	4.60520928174583	0.130849824813585
656.846846846847	4.60891269202531	0.131510354262056
657.411411411411	4.61263088991610	0.132177599901220
657.728078104432	4.61472296922224	0.132554762512117
657.975975975976	4.61636401642634	0.132851460399065
658.540540540541	4.62011221231491	0.133531847326978
659.105105105105	4.62387561817728	0.134218683903844
659.669669669670	4.62765437453387	0.134911903893734
660.234234234234	4.63144862191887	0.135611450636210
660.798798798799	4.63525850096848	0.136317276191333
661.363363363363	4.63908415250790	0.137029340584118
661.927927927928	4.64292571763618	0.137747611135631
662.492492492493	4.64678333780884	0.138472061869613
662.524769060774	4.64700436888528	0.138513665570601
663.057057057057	4.65065715491788	0.139202672985200
663.621621621622	4.65454731136919	0.139939430387546
664.186186186186	4.65845395015715	0.140682325269472
664.750750750751	4.66237721493665	0.141431353738029
665.315315315315	4.66631725009248	0.142186516480688
665.879879879880	4.67027420080620	0.142947818466706
666.444444444445	4.67424821312068	0.143715268679716
667.009009009009	4.67823943400232	0.144488879877967
667.391936776492	4.68095643293535	0.145017112659274
667.573573573574	4.68224801140128	0.145268668379415
668.138138138138	4.68627409430953	0.146054653868787
668.702702702703	4.69031783281738	0.146846859224565
669.267267267267	4.69437937816803	0.147645310363570
669.831831831832	4.69845888281079	0.148450036101665
670.396396396396	4.70255650045275	0.149261068028720
670.960960960961	4.70667238610921	0.150078440396620
671.525525525526	4.71080669615299	0.150902190019025
672.090090090090	4.71495958836261	0.151732356181756
672.180399103139	4.71562562888520	0.151865749467820
672.654654654655	4.71913122196950	0.152568980562905
673.219219219219	4.72332175770453	0.153412107161735
673.783783783784	4.72753135784360	0.154261782235625
674.348348348348	4.73176018625271	0.155118054244422
674.912912912913	4.73600840843239	0.155980973801498
675.477477477478	4.74027619156168	0.156850593631031
676.042042042042	4.74456370454171	0.157726968531017
676.606606606607	4.74887111803891	0.158610155341513
677.038071364047	4.75217655360780	0.159289753830888
677.171171171171	4.75319860452795	0.159500212917845
677.735735735736	4.75754633833451	0.160397202108268
678.300300300300	4.76191449567789	0.161301185735917
678.864864864865	4.76630325471354	0.162212228584659
679.429429429430	4.77071279557553	0.163130397388644
679.993993993994	4.77514330041904	0.164055760825313
680.558558558559	4.77959495346300	0.164988389511689
681.123123123123	4.78406794103269	0.165928356003678
681.687687687688	4.78856245160267	0.166875734798368
681.811366841028	4.78954995676054	0.167084274344849
682.252252252252	4.79307867583980	0.167830602339051
682.816816816817	4.79761680664646	0.168793037022857
683.381381381381	4.80217703920424	0.169763119210946
683.945945945946	4.80675957101771	0.170740931241135
684.510510510511	4.81136460195872	0.171726557442801
685.075075075075	4.81599233431095	0.172720084154040
685.639639639640	4.82064297281503	0.173721599741056
686.204204204204	4.82531672471394	0.174731194619594
686.652446174989	4.82904409881674	0.175538588162605
686.768768768769	4.83001379979903	0.175748961278472
687.333333333333	4.83473441045646	0.176774994305104
687.897897897898	4.83947877171422	0.177809390413050
688.462462462463	4.84424710128972	0.178852248471415
689.027027027027	4.84903961963794	0.179903669536274
689.591591591592	4.85385655000025	0.180963756883906
690.156156156156	4.85869811845386	0.182032616045950
690.720720720721	4.86356455396189	0.183110354846441
691.285285285285	4.86845608842426	0.184197083440679
691.562763552480	4.87086950324358	0.184734529666069
691.849849849850	4.87337295672919	0.185292914355977
692.414414414415	4.87831539680551	0.186397962534299
692.978978978979	4.88328364967574	0.187512345376716
693.543543543544	4.88827795950995	0.188636182789811
694.108108108108	4.89329857368044	0.189769597233958
694.672672672673	4.89834574281736	0.190912713773488
695.237237237237	4.90341972086502	0.192065660128831
695.801801801802	4.90852076513931	0.193228566730639
696.366366366366	4.91364913638585	0.194401566775854
696.382016260163	4.91379168811794	0.194434227755454
696.930930930931	4.91880509883922	0.195584796285808
697.495495495495	4.92398892028307	0.196778394166419
698.060060060060	4.92920087211128	0.197982502270464
698.624624624625	4.93444122939010	0.199197265461954
699.189189189189	4.93971027092138	0.200422831682749
699.753753753754	4.94500827930670	0.201659352021329
700.318318318318	4.95033554101286	0.202906980783945
700.882882882883	4.95569234643820	0.204165875567967
701.268907602339	4.95937225521792	0.205033221044272
701.447447447448	4.96107898998024	0.205436197337721
702.012012012012	4.96649577010441	0.206718110502745
702.576576576577	4.97194298941394	0.208011782998512
703.141141141141	4.97742095472095	0.209317386369760
703.705705705706	4.98292997711884	0.210635095856463
704.270270270270	4.98847037205588	0.211965090482496
704.834834834835	4.99404245941006	0.213307553147090
705.399399399400	4.99964656356523	0.214662670719163
705.963963963964	5.00528301348861	0.216030634134566
706.058544512482	5.00623046525453	0.216261076745284
706.528528528529	5.01095214280966	0.217411638496411
707.093093093093	5.01665428990021	0.218805883178467
707.657657657658	5.02238979795613	0.220213571931793
708.222222222222	5.02815901508025	0.221634912994696
708.786786786787	5.03396229436692	0.223070119206074
709.351351351351	5.03979999398781	0.224519408122255
709.915915915916	5.04567247727944	0.225983002137545
710.480480480481	5.05158011283195	0.227461128608402
710.914057386768	5.05614118475340	0.228606318402622
711.045045045045	5.05752327457964	0.228954019981545
711.609609609610	5.06350234189298	0.230461913926008
712.174174174174	5.06951769967207	0.231985053469305
712.738738738739	5.07556973844192	0.233523687137834
713.303303303303	5.08165885444921	0.235078069101656
713.867867867868	5.08778544976070	0.236648459323777
714.432432432433	5.09394993236336	0.238235123714117
714.996996996997	5.10015271626609	0.239838334288289
715.561561561562	5.10639422160323	0.241458369331362
715.665929816185	5.10755233245867	0.241759722406011
716.126126126126	5.11267487473975	0.243095513566752
716.690690690691	5.11899510837814	0.244750058330467
717.255255255255	5.12535536166715	0.246422301750802
717.819819819820	5.13175608031213	0.248112548933778
718.384384384384	5.13819771668736	0.249821112154388
718.948948948949	5.14468072994998	0.251548311053996
719.513513513514	5.15120558615585	0.253294472843955
720.078078078078	5.15777275837719	0.255059932515789
720.481754385965	5.16249464540598	0.256334298019147
720.642642642643	5.16438272682202	0.256845033058038
721.207207207207	5.17103597895545	0.258650125680148
721.771771771772	5.17773300962282	0.260475570043474
722.336336336336	5.18447432117463	0.262321734499823
722.900900900901	5.19126042359333	0.264188996337658
723.465465465466	5.19809183462201	0.266077742036318
724.030030030030	5.20496907989479	0.267988367528528
724.594594594595	5.21189269306911	0.269921278471435
725.159159159159	5.21886321595982	0.271876890526553
725.362830873458	5.22138951453943	0.272588049065741
725.723723723724	5.22588119867507	0.273855629648891
726.288288288288	5.23294719975393	0.275857932385576
726.852852852853	5.24006178630579	0.277884246184394
727.417417417418	5.24722553415151	0.279935029712468
727.981981981982	5.25443902796618	0.282010753185608
728.546546546547	5.26170286142362	0.284111898708573
729.111111111111	5.26901763734240	0.286238960626743
729.675675675676	5.27638396783350	0.288392445889540
730.240240240240	5.28380247444940	0.290572874426114
730.310494518879	5.28472931316523	0.290846117721649
730.804804804805	5.29127378833466	0.292780779533652
731.369369369369	5.29879855037782	0.295016708278857
731.933933933934	5.30637741136462	0.297281221913022
732.498498498499	5.31401103213238	0.299574896301254
733.063063063063	5.32170008372554	0.301898322366297
733.627627627628	5.32944524755213	0.304252106547624
734.192192192192	5.33724721554114	0.306636871276212
734.756756756757	5.34510669030061	0.309053255465729
735.145801863659	5.35055654532814	0.310737145082897
735.321321321321	5.35302438527640	0.311501915020650
735.885885885886	5.36100102491123	0.313983523361976
736.450450450451	5.36903734480420	0.316498771971255
737.015015015015	5.37713409187022	0.319048370953493
737.579579579579	5.38529202449943	0.321633049619815
738.144144144144	5.39351191271619	0.324253557090483
738.708708708709	5.40179453833753	0.326910662919142
739.273273273273	5.41014069513078	0.329605157739061
739.837837837838	5.41855118897000	0.332337853932216
739.862926949655	5.41892645525193	0.332460193954059
740.402402402403	5.42702683799101	0.335109586322107
740.966966966967	5.43556847274463	0.337921212891166
741.531531531532	5.44417693634782	0.340773615523773
742.096096096096	5.45285308463219	0.343667700775803
742.660660660661	5.46159778628973	0.346604400671765
743.225225225225	5.47041192301495	0.349584673530561
743.789789789790	5.47929638964326	0.352609504821017
744.354354354354	5.48825209428487	0.355679908048293
744.825982608696	5.49578882760087	0.358280565090641
744.918918918919	5.49727995845366	0.358796925672381
745.483483483484	5.50638091719051	0.361961630059953
746.048048048048	5.51555591918025	0.365175124470828
746.612612612613	5.52480592686175	0.368438544080416
747.177177177177	5.53413191653007	0.371753057039512
747.741741741742	5.54353487843019	0.375119865572940
748.306306306306	5.55301581684112	0.378540207118512
748.870870870871	5.56257575014968	0.382015355507873
749.435435435436	5.57221571091272	0.385546622190887
749.481145000000	5.57299973706954	0.385835025096103
750	5.58193674590681	0.389135357505236