Si (Silicon) - Dispersive & Lossless

frequency (THz), Im(eps)
176.349, 6.23446e-08
176.772, 6.25462e-08
177.196, 6.27483e-08
177.619, 6.29508e-08
178.043, 6.31538e-08
178.467, 6.33572e-08
178.89, 6.35611e-08
179.314, 6.37654e-08
179.738, 6.39702e-08
180.161, 6.41754e-08
180.585, 6.4381e-08
181.009, 6.45872e-08
181.432, 6.47937e-08
181.856, 6.50008e-08
182.28, 6.52083e-08
182.703, 6.54163e-08
183.127, 6.56247e-08
183.551, 6.58336e-08
183.974, 6.6043e-08
184.398, 6.62528e-08
184.822, 6.64631e-08
185.245, 6.66739e-08
185.669, 6.68852e-08
186.093, 6.7097e-08
186.516, 6.73092e-08
186.94, 6.75219e-08
187.364, 6.77352e-08
187.787, 6.79489e-08
188.211, 6.8163e-08
188.635, 6.83777e-08
189.058, 6.85929e-08
189.482, 6.88086e-08
189.906, 6.90248e-08
190.329, 6.92415e-08
190.753, 6.94587e-08
191.177, 6.96764e-08
191.6, 6.98946e-08
192.024, 7.01133e-08
192.448, 7.03325e-08
192.871, 7.05523e-08
193.295, 7.07725e-08
193.719, 7.09933e-08
194.142, 7.12146e-08
194.566, 7.14365e-08
194.99, 7.16588e-08
195.413, 7.18817e-08
195.837, 7.21052e-08
196.261, 7.23291e-08
196.684, 7.25536e-08
197.108, 7.27787e-08
197.532, 7.30042e-08
197.955, 7.32304e-08
198.379, 7.3457e-08
198.802, 7.36842e-08
199.226, 7.3912e-08
199.65, 7.41403e-08
200.073, 7.43692e-08
200.497, 7.45987e-08
200.921, 7.48287e-08
201.344, 7.50592e-08
201.768, 7.52904e-08
202.192, 7.55221e-08
202.615, 7.57544e-08
203.039, 7.59872e-08
203.463, 7.62206e-08
203.886, 7.64546e-08
204.31, 7.66892e-08
204.734, 7.69244e-08
205.157, 7.71601e-08
205.581, 7.73965e-08
206.005, 7.76334e-08
206.428, 7.7871e-08
206.852, 7.81091e-08
207.276, 7.83478e-08
207.699, 7.85872e-08
208.123, 7.88271e-08
208.547, 7.90677e-08
208.97, 7.93088e-08
209.394, 7.95506e-08
209.818, 7.9793e-08
210.241, 8.0036e-08
210.665, 8.02796e-08
211.089, 8.05239e-08
211.512, 8.07688e-08
211.936, 8.10143e-08
212.36, 8.12604e-08
212.783, 8.15072e-08
213.207, 8.17546e-08
213.631, 8.20027e-08
214.054, 8.22514e-08
214.478, 8.25008e-08
214.902, 8.27508e-08
215.325, 8.30014e-08
215.749, 8.32528e-08
216.173, 8.35047e-08
216.596, 8.37574e-08
217.02, 8.40107e-08
217.444, 8.42647e-08
217.867, 8.45193e-08
218.291, 8.47746e-08
218.715, 8.50306e-08
219.138, 8.52873e-08
219.562, 8.55447e-08
219.985, 8.58027e-08
220.409, 8.60614e-08
220.833, 8.63209e-08
221.256, 8.6581e-08
221.68, 8.68418e-08
222.104, 8.71034e-08
222.527, 8.73656e-08
222.951, 8.76285e-08
223.375, 8.78922e-08
223.798, 8.81566e-08
224.222, 8.84217e-08
224.646, 8.86875e-08
225.069, 8.8954e-08
225.493, 8.92213e-08
225.917, 8.94893e-08
226.34, 8.9758e-08
226.764, 9.00275e-08
227.188, 9.02977e-08
227.611, 9.05686e-08
228.035, 9.08404e-08
228.459, 9.11128e-08
228.882, 9.1386e-08
229.306, 9.166e-08
229.73, 9.19347e-08
230.153, 9.22102e-08
230.577, 9.24865e-08
231.001, 9.27636e-08
231.424, 9.30414e-08
231.848, 9.332e-08
232.272, 9.35994e-08
232.695, 9.38795e-08
233.119, 9.41605e-08
233.543, 9.44422e-08
233.966, 9.47248e-08
234.39, 9.50082e-08
234.814, 9.52923e-08
235.237, 9.55773e-08
235.661, 9.58631e-08
236.085, 9.61497e-08
236.508, 9.64371e-08
236.932, 9.67254e-08
237.356, 9.70144e-08
237.779, 9.73043e-08
238.203, 9.75951e-08
238.627, 9.78867e-08
239.05, 9.81791e-08
239.474, 9.84724e-08
239.898, 9.87665e-08
240.321, 9.90615e-08
240.745, 9.93573e-08
241.168, 9.9654e-08
241.592, 9.99516e-08
242.016, 1.0025e-07
242.439, 1.00549e-07
242.863, 1.0085e-07
243.287, 1.01151e-07
243.71, 1.01453e-07
244.134, 1.01756e-07
244.558, 1.02059e-07
244.981, 1.02364e-07
245.405, 1.02669e-07
245.829, 1.02976e-07
246.252, 1.03283e-07
246.676, 1.03592e-07
247.1, 1.03901e-07
247.523, 1.04211e-07
247.947, 1.04522e-07
248.371, 1.04834e-07
248.794, 1.05147e-07
249.218, 1.05461e-07
249.642, 1.05776e-07
250.065, 1.06092e-07
250.489, 1.06408e-07
250.913, 1.06726e-07
251.336, 1.07045e-07
251.76, 1.07365e-07
252.184, 1.07685e-07
252.607, 1.08007e-07
253.031, 1.08329e-07
253.455, 1.08653e-07
253.878, 1.08978e-07
254.302, 1.09303e-07
254.726, 1.0963e-07
255.149, 1.09957e-07
255.573, 1.10286e-07
255.997, 1.10616e-07
256.42, 1.10946e-07
256.844, 1.11278e-07
257.268, 1.11611e-07
257.691, 1.11945e-07
258.115, 1.12279e-07
258.539, 1.12615e-07
258.962, 1.12952e-07
259.386, 1.1329e-07
259.81, 1.13629e-07
260.233, 1.13969e-07
260.657, 1.1431e-07
261.081, 1.14653e-07
261.504, 1.14996e-07
261.928, 1.1534e-07
262.351, 1.15686e-07
262.775, 1.16033e-07
263.199, 1.1638e-07
263.622, 1.16729e-07
264.046, 1.17079e-07
264.47, 1.1743e-07
264.893, 1.17782e-07
265.317, 1.18136e-07
265.741, 1.1849e-07
266.164, 1.18846e-07
266.588, 1.19203e-07
267.012, 1.1956e-07
267.435, 1.1992e-07
267.859, 1.2028e-07
268.283, 1.20641e-07
268.706, 1.21004e-07
269.13, 1.21368e-07
269.554, 1.21733e-07
269.977, 1.22099e-07
270.401, 1.22466e-07
270.825, 1.22835e-07
271.248, 1.23205e-07
271.672, 1.23576e-07
272.096, 1.23948e-07
272.519, 1.24321e-07
272.943, 1.24696e-07
273.367, 1.25072e-07
273.79, 1.25449e-07
274.214, 1.25828e-07
274.638, 1.26207e-07
275.061, 1.26588e-07
275.485, 1.26971e-07
275.909, 1.27354e-07
276.332, 1.27739e-07
276.756, 1.28125e-07
277.18, 1.28513e-07
277.603, 1.28901e-07
278.027, 1.29291e-07
278.451, 1.29683e-07
278.874, 1.30075e-07
279.298, 1.30469e-07
279.722, 1.30865e-07
280.145, 1.31262e-07
280.569, 1.3166e-07
280.993, 1.32059e-07
281.416, 1.3246e-07
281.84, 1.32862e-07
282.264, 1.33266e-07
282.687, 1.33671e-07
283.111, 1.34077e-07
283.535, 1.34485e-07
283.958, 1.34894e-07
284.382, 1.35305e-07
284.805, 1.35717e-07
285.229, 1.3613e-07
285.653, 1.36545e-07
286.076, 1.36961e-07
286.5, 1.37379e-07
286.924, 1.37798e-07
287.347, 1.38219e-07
287.771, 1.38641e-07
288.195, 1.39065e-07
288.618, 1.3949e-07
289.042, 1.39917e-07
289.466, 1.40345e-07
289.889, 1.40774e-07
290.313, 1.41206e-07
290.737, 1.41638e-07
291.16, 1.42073e-07
291.584, 1.42509e-07
292.008, 1.42946e-07
292.431, 1.43385e-07
292.855, 1.43825e-07
293.279, 1.44268e-07
293.702, 1.44711e-07
294.126, 1.45157e-07
294.55, 1.45603e-07
294.973, 1.46052e-07
295.397, 1.46502e-07
295.821, 1.46954e-07
296.244, 1.47407e-07
296.668, 1.47862e-07
297.092, 1.48319e-07
297.515, 1.48777e-07
297.939, 1.49237e-07
298.363, 1.49699e-07
298.786, 1.50162e-07
299.21, 1.50628e-07
299.634, 1.51094e-07
300.057, 1.51563e-07
300.481, 1.52033e-07
300.905, 1.52505e-07
301.328, 1.52979e-07
301.752, 1.53454e-07
302.176, 1.53932e-07
302.599, 1.54411e-07
303.023, 1.54892e-07
303.447, 1.55374e-07
303.87, 1.55859e-07
304.294, 1.56345e-07
304.718, 1.56833e-07
305.141, 1.57323e-07
305.565, 1.57814e-07
305.988, 1.58308e-07
306.412, 1.58804e-07
306.836, 1.59301e-07
307.259, 1.598e-07
307.683, 1.60301e-07
308.107, 1.60804e-07
308.53, 1.61309e-07
308.954, 1.61816e-07
309.378, 1.62325e-07
309.801, 1.62835e-07
310.225, 1.63348e-07
310.649, 1.63863e-07
311.072, 1.64379e-07
311.496, 1.64898e-07
311.92, 1.65418e-07
312.343, 1.65941e-07
312.767, 1.66466e-07
313.191, 1.66992e-07
313.614, 1.67521e-07
314.038, 1.68052e-07
314.462, 1.68584e-07
314.885, 1.69119e-07
315.309, 1.69656e-07
315.733, 1.70195e-07
316.156, 1.70737e-07
316.58, 1.7128e-07
317.004, 1.71825e-07
317.427, 1.72373e-07
317.851, 1.72923e-07
318.275, 1.73475e-07
318.698, 1.74029e-07
319.122, 1.74585e-07
319.546, 1.75144e-07
319.969, 1.75704e-07
320.393, 1.76267e-07
320.817, 1.76832e-07
321.24, 1.774e-07
321.664, 1.7797e-07
322.088, 1.78542e-07
322.511, 1.79116e-07
322.935, 1.79693e-07
323.359, 1.80272e-07
323.782, 1.80853e-07
324.206, 1.81436e-07
324.63, 1.82022e-07
325.053, 1.82611e-07
325.477, 1.83202e-07
325.901, 1.83795e-07
326.324, 1.8439e-07
326.748, 1.84988e-07
327.171, 1.85589e-07
327.595, 1.86192e-07
328.019, 1.86797e-07
328.442, 1.87405e-07
328.866, 1.88015e-07
329.29, 1.88628e-07
329.713, 1.89244e-07
330.137, 1.89862e-07
330.561, 1.90482e-07
330.984, 1.91105e-07
331.408, 1.91731e-07
331.832, 1.92359e-07
332.255, 1.9299e-07
332.679, 1.93624e-07
333.103, 1.9426e-07
333.526, 1.94899e-07
333.95, 1.95541e-07
334.374, 1.96185e-07
334.797, 1.96832e-07
335.221, 1.97482e-07
335.645, 1.98134e-07
336.068, 1.98789e-07
336.492, 1.99447e-07
336.916, 2.00108e-07
337.339, 2.00772e-07
337.763, 2.01438e-07
338.187, 2.02107e-07
338.61, 2.0278e-07
339.034, 2.03455e-07
339.458, 2.04132e-07
339.881, 2.04813e-07
340.305, 2.05497e-07
340.729, 2.06184e-07
341.152, 2.06873e-07
341.576, 2.07566e-07
342, 2.08262e-07
342.423, 2.08961e-07
342.847, 2.09662e-07
343.271, 2.10367e-07
343.694, 2.11075e-07
344.118, 2.11786e-07
344.542, 2.125e-07
344.965, 2.13217e-07
345.389, 2.13938e-07
345.813, 2.14661e-07
346.236, 2.15388e-07
346.66, 2.16118e-07
347.084, 2.16851e-07
347.507, 2.17587e-07
347.931, 2.18327e-07
348.354, 2.1907e-07
348.778, 2.19816e-07
349.202, 2.20566e-07
349.625, 2.21319e-07
350.049, 2.22075e-07
350.473, 2.22835e-07
350.896, 2.23598e-07
351.32, 2.24365e-07
351.744, 2.25135e-07
352.167, 2.25908e-07
352.591, 2.26685e-07
353.015, 2.27466e-07
353.438, 2.2825e-07
353.862, 2.29038e-07
354.286, 2.29829e-07
354.709, 2.30624e-07
355.133, 2.31422e-07
355.557, 2.32225e-07
355.98, 2.3303e-07
356.404, 2.3384e-07
356.828, 2.34653e-07
357.251, 2.3547e-07
357.675, 2.36291e-07
358.099, 2.37116e-07
358.522, 2.37944e-07
358.946, 2.38776e-07
359.37, 2.39612e-07
359.793, 2.40452e-07
360.217, 2.41296e-07
360.641, 2.42144e-07
361.064, 2.42996e-07
361.488, 2.43852e-07
361.912, 2.44712e-07
362.335, 2.45576e-07
362.759, 2.46444e-07
363.183, 2.47316e-07
363.606, 2.48192e-07
364.03, 2.49073e-07
364.454, 2.49957e-07
364.877, 2.50846e-07
365.301, 2.51739e-07
365.725, 2.52637e-07
366.148, 2.53538e-07
366.572, 2.54444e-07
366.996, 2.55355e-07
367.419, 2.56269e-07
367.843, 2.57188e-07
368.267, 2.58112e-07
368.69, 2.5904e-07
369.114, 2.59972e-07
369.537, 2.60909e-07
369.961, 2.61851e-07
370.385, 2.62797e-07
370.808, 2.63748e-07
371.232, 2.64703e-07
371.656, 2.65663e-07
372.079, 2.66628e-07
372.503, 2.67598e-07
372.927, 2.68572e-07
373.35, 2.69551e-07
373.774, 2.70535e-07
374.198, 2.71524e-07
374.621, 2.72518e-07
375.045, 2.73517e-07
375.469, 2.7452e-07
375.892, 2.75529e-07
376.316, 2.76543e-07
376.74, 2.77562e-07
377.163, 2.78586e-07
377.587, 2.79615e-07
378.011, 2.80649e-07
378.434, 2.81688e-07
378.858, 2.82733e-07
379.282, 2.83783e-07
379.705, 2.84838e-07
380.129, 2.85899e-07
380.553, 2.86965e-07
380.976, 2.88037e-07
381.4, 2.89114e-07
381.824, 2.90196e-07
382.247, 2.91284e-07
382.671, 2.92378e-07
383.095, 2.93477e-07
383.518, 2.94582e-07
383.942, 2.95693e-07
384.366, 2.9681e-07
384.789, 2.97932e-07
385.213, 2.9906e-07
385.637, 3.00194e-07
386.06, 3.01334e-07
386.484, 3.02479e-07
386.908, 3.03631e-07
387.331, 3.04789e-07
387.755, 3.05953e-07
388.179, 3.07123e-07
388.602, 3.08299e-07
389.026, 3.09482e-07
389.45, 3.10671e-07
389.873, 3.11866e-07
390.297, 3.13067e-07
390.721, 3.14275e-07
391.144, 3.15489e-07
391.568, 3.1671e-07
391.991, 3.17937e-07
392.415, 3.19171e-07
392.839, 3.20411e-07
393.262, 3.21658e-07
393.686, 3.22912e-07
394.11, 3.24173e-07
394.533, 3.2544e-07
394.957, 3.26715e-07
395.381, 3.27996e-07
395.804, 3.29284e-07
396.228, 3.3058e-07
396.652, 3.31882e-07
397.075, 3.33192e-07
397.499, 3.34509e-07
397.923, 3.35833e-07
398.346, 3.37164e-07
398.77, 3.38503e-07
399.194, 3.39849e-07
399.617, 3.41202e-07
400.041, 3.42563e-07
400.465, 3.43932e-07
400.888, 3.45308e-07
401.312, 3.46692e-07
401.736, 3.48084e-07
402.159, 3.49484e-07
402.583, 3.50891e-07
403.007, 3.52306e-07
403.43, 3.5373e-07
403.854, 3.55161e-07
404.278, 3.56601e-07
404.701, 3.58048e-07
405.125, 3.59504e-07
405.549, 3.60969e-07
405.972, 3.62441e-07
406.396, 3.63922e-07
406.82, 3.65412e-07
407.243, 3.6691e-07
407.667, 3.68417e-07
408.091, 3.69932e-07
408.514, 3.71456e-07
408.938, 3.72989e-07
409.362, 3.74531e-07
409.785, 3.76082e-07
410.209, 3.77642e-07
410.633, 3.79211e-07
411.056, 3.8079e-07
411.48, 3.82377e-07
411.904, 3.83974e-07
412.327, 3.8558e-07
412.751, 3.87196e-07
413.174, 3.88822e-07
413.598, 3.90457e-07
414.022, 3.92101e-07
414.445, 3.93756e-07
414.869, 3.9542e-07
415.293, 3.97094e-07
415.716, 3.98779e-07
416.14, 4.00473e-07
416.564, 4.02178e-07
416.987, 4.03893e-07
417.411, 4.05618e-07
417.835, 4.07354e-07
418.258, 4.091e-07
418.682, 4.10857e-07
419.106, 4.12625e-07
419.529, 4.14403e-07
419.953, 4.16193e-07
420.377, 4.17993e-07
420.8, 4.19804e-07
421.224, 4.21627e-07
421.648, 4.2346e-07
422.071, 4.25306e-07
422.495, 4.27162e-07
422.919, 4.2903e-07
423.342, 4.3091e-07
423.766, 4.32801e-07
424.19, 4.34705e-07
424.613, 4.3662e-07
425.037, 4.38547e-07
425.461, 4.40486e-07
425.884, 4.42438e-07
426.308, 4.44402e-07
426.732, 4.46378e-07
427.155, 4.48367e-07
427.579, 4.50369e-07
428.003, 4.52383e-07
428.426, 4.5441e-07
428.85, 4.5645e-07
429.274, 4.58504e-07
429.697, 4.6057e-07
430.121, 4.6265e-07
430.545, 4.64743e-07
430.968, 4.6685e-07
431.392, 4.6897e-07
431.816, 4.71105e-07
432.239, 4.73253e-07
432.663, 4.75415e-07
433.087, 4.77592e-07
433.51, 4.79782e-07
433.934, 4.81988e-07
434.357, 4.84207e-07
434.781, 4.86442e-07
435.205, 4.88691e-07
435.628, 4.90955e-07
436.052, 4.93234e-07
436.476, 4.95528e-07
436.899, 4.97838e-07
437.323, 5.00163e-07
437.747, 5.02504e-07
438.17, 5.0486e-07
438.594, 5.07233e-07
439.018, 5.09621e-07
439.441, 5.12026e-07
439.865, 5.14447e-07
440.289, 5.16885e-07
440.712, 5.19339e-07
441.136, 5.2181e-07
441.56, 5.24298e-07
441.983, 5.26803e-07
442.407, 5.29325e-07
442.831, 5.31865e-07
443.254, 5.34422e-07
443.678, 5.36997e-07
444.102, 5.3959e-07
444.525, 5.42201e-07
444.949, 5.4483e-07
445.373, 5.47478e-07
445.796, 5.50145e-07
446.22, 5.5283e-07
446.644, 5.55534e-07
447.067, 5.58257e-07
447.491, 5.60999e-07
447.915, 5.63761e-07
448.338, 5.66543e-07
448.762, 5.69345e-07
449.186, 5.72166e-07
449.609, 5.75008e-07
450.033, 5.77871e-07
450.457, 5.80754e-07
450.88, 5.83657e-07
451.304, 5.86582e-07
451.728, 5.89528e-07
452.151, 5.92496e-07
452.575, 5.95485e-07
452.999, 5.98497e-07
453.422, 6.0153e-07
453.846, 6.04586e-07
454.27, 6.07664e-07
454.693, 6.10765e-07
455.117, 6.13889e-07
455.54, 6.17036e-07
455.964, 6.20206e-07
456.388, 6.23401e-07
456.811, 6.26619e-07
457.235, 6.29861e-07
457.659, 6.33128e-07
458.082, 6.3642e-07
458.506, 6.39736e-07
458.93, 6.43078e-07
459.353, 6.46445e-07
459.777, 6.49837e-07
460.201, 6.53256e-07
460.624, 6.56701e-07
461.048, 6.60172e-07
461.472, 6.6367e-07
461.895, 6.67195e-07
462.319, 6.70748e-07
462.743, 6.74328e-07
463.166, 6.77936e-07
463.59, 6.81572e-07
464.014, 6.85236e-07
464.437, 6.88929e-07
464.861, 6.92652e-07
465.285, 6.96404e-07
465.708, 7.00185e-07
466.132, 7.03997e-07
466.556, 7.07838e-07
466.979, 7.11711e-07
467.403, 7.15614e-07
467.827, 7.19549e-07
468.25, 7.23515e-07
468.674, 7.27514e-07
469.098, 7.31544e-07
469.521, 7.35608e-07
469.945, 7.39704e-07
470.369, 7.43834e-07
470.792, 7.47998e-07
471.216, 7.52195e-07
471.64, 7.56428e-07
472.063, 7.60695e-07
472.487, 7.64997e-07
472.911, 7.69335e-07
473.334, 7.73709e-07
473.758, 7.7812e-07
474.182, 7.82568e-07
474.605, 7.87053e-07
475.029, 7.91575e-07
475.453, 7.96136e-07
475.876, 8.00735e-07
476.3, 8.05373e-07
476.723, 8.10051e-07
477.147, 8.14769e-07
477.571, 8.19527e-07
477.994, 8.24326e-07
478.418, 8.29166e-07
478.842, 8.34048e-07
479.265, 8.38972e-07
479.689, 8.43939e-07
480.113, 8.48949e-07
480.536, 8.54003e-07
480.96, 8.59101e-07
481.384, 8.64244e-07
481.807, 8.69432e-07
482.231, 8.74666e-07
482.655, 8.79946e-07
483.078, 8.85274e-07
483.502, 8.90649e-07
483.926, 8.96072e-07
484.349, 9.01543e-07
484.773, 9.07064e-07
485.197, 9.12635e-07
485.62, 9.18256e-07
486.044, 9.23928e-07
486.468, 9.29651e-07
486.891, 9.35427e-07
487.315, 9.41256e-07
487.739, 9.47139e-07
488.162, 9.53076e-07
488.586, 9.59067e-07
489.01, 9.65115e-07
489.433, 9.71218e-07
489.857, 9.77379e-07
490.281, 9.83597e-07
490.704, 9.89873e-07
491.128, 9.96209e-07
491.552, 1.0026e-06
491.975, 1.00906e-06
492.399, 1.01558e-06
492.823, 1.02216e-06
493.246, 1.0288e-06
493.67, 1.03551e-06
494.094, 1.04228e-06
494.517, 1.04912e-06
494.941, 1.05602e-06
495.365, 1.06299e-06
495.788, 1.07003e-06
496.212, 1.07714e-06
496.636, 1.08431e-06
497.059, 1.09156e-06
497.483, 1.09888e-06
497.906, 1.10627e-06
498.33, 1.11374e-06
498.754, 1.12128e-06
499.177, 1.1289e-06
499.601, 1.13659e-06
500.025, 1.14436e-06
500.448, 1.15221e-06
500.872, 1.16014e-06
501.296, 1.16815e-06
501.719, 1.17624e-06
502.143, 1.18442e-06
502.567, 1.19268e-06
502.99, 1.20102e-06
503.414, 1.20945e-06
503.838, 1.21797e-06
504.261, 1.22658e-06
504.685, 1.23528e-06
505.109, 1.24407e-06
505.532, 1.25295e-06
505.956, 1.26193e-06
506.38, 1.271e-06
506.803, 1.28017e-06
507.227, 1.28944e-06
507.651, 1.29881e-06
508.074, 1.30827e-06
508.498, 1.31784e-06
508.922, 1.32752e-06
509.345, 1.3373e-06
509.769, 1.34719e-06
510.193, 1.35718e-06
510.616, 1.36729e-06
511.04, 1.37751e-06
511.464, 1.38784e-06
511.887, 1.39829e-06
512.311, 1.40885e-06
512.735, 1.41953e-06
513.158, 1.43034e-06
513.582, 1.44126e-06
514.006, 1.45231e-06
514.429, 1.46349e-06
514.853, 1.47479e-06
515.277, 1.48622e-06
515.7, 1.49779e-06
516.124, 1.50949e-06
516.548, 1.52133e-06
516.971, 1.5333e-06
517.395, 1.54541e-06
517.819, 1.55767e-06
518.242, 1.57007e-06
518.666, 1.58262e-06
519.09, 1.59532e-06
519.513, 1.60817e-06
519.937, 1.62117e-06
520.36, 1.63433e-06
520.784, 1.64765e-06
521.208, 1.66114e-06
521.631, 1.67478e-06
522.055, 1.6886e-06
522.479, 1.70258e-06
522.902, 1.71674e-06
523.326, 1.73107e-06
523.75, 1.74558e-06
524.173, 1.76027e-06
524.597, 1.77515e-06
525.021, 1.79021e-06
525.444, 1.80547e-06
525.868, 1.82092e-06
526.292, 1.83656e-06
526.715, 1.85241e-06
527.139, 1.86846e-06
527.563, 1.88472e-06
527.986, 1.90119e-06
528.41, 1.91788e-06
528.834, 1.93478e-06
529.257, 1.95191e-06
529.681, 1.96926e-06
530.105, 1.98684e-06
530.528, 2.00466e-06
530.952, 2.02272e-06
531.376, 2.04102e-06
531.799, 2.05957e-06
532.223, 2.07837e-06
532.647, 2.09742e-06
533.07, 2.11674e-06
533.494, 2.13632e-06
533.918, 2.15618e-06
534.341, 2.17631e-06
534.765, 2.19672e-06
535.189, 2.21742e-06
535.612, 2.23841e-06
536.036, 2.2597e-06
536.46, 2.28129e-06
536.883, 2.30319e-06
537.307, 2.3254e-06
537.731, 2.34793e-06
538.154, 2.37079e-06
538.578, 2.39399e-06
539.002, 2.41752e-06
539.425, 2.44141e-06
539.849, 2.46564e-06
540.273, 2.49023e-06
540.696, 2.5152e-06
541.12, 2.54053e-06
541.543, 2.56625e-06
541.967, 2.59236e-06
542.391, 2.61887e-06
542.814, 2.64578e-06
543.238, 2.67311e-06
543.662, 2.70086e-06
544.085, 2.72905e-06
544.509, 2.75767e-06
544.933, 2.78675e-06
545.356, 2.81628e-06
545.78, 2.84628e-06
546.204, 2.87677e-06
546.627, 2.90774e-06
547.051, 2.93921e-06
547.475, 2.9712e-06
547.898, 3.0037e-06
548.322, 3.03674e-06
548.746, 3.07033e-06
549.169, 3.10447e-06
549.593, 3.13918e-06
550.017, 3.17448e-06
550.44, 3.21037e-06
550.864, 3.24687e-06
551.288, 3.284e-06
551.711, 3.32176e-06
552.135, 3.36017e-06
552.559, 3.39925e-06
552.982, 3.43901e-06
553.406, 3.47947e-06
553.83, 3.52065e-06
554.253, 3.56256e-06
554.677, 3.60522e-06
555.101, 3.64864e-06
555.524, 3.69286e-06
555.948, 3.73787e-06
556.372, 3.78372e-06
556.795, 3.8304e-06
557.219, 3.87796e-06
557.643, 3.9264e-06
558.066, 3.97575e-06
558.49, 4.02603e-06
558.914, 4.07727e-06
559.337, 4.1295e-06
559.761, 4.18272e-06
560.185, 4.23698e-06
560.608, 4.2923e-06
561.032, 4.34871e-06
561.456, 4.40623e-06
561.879, 4.46489e-06
562.303, 4.52474e-06
562.726, 4.58578e-06
563.15, 4.64807e-06
563.574, 4.71164e-06
563.997, 4.77651e-06
564.421, 4.84272e-06
564.845, 4.91032e-06
565.268, 4.97934e-06
565.692, 5.04982e-06
566.116, 5.1218e-06
566.539, 5.19533e-06
566.963, 5.27045e-06
567.387, 5.34721e-06
567.81, 5.42565e-06
568.234, 5.50582e-06
568.658, 5.58778e-06
569.081, 5.67158e-06
569.505, 5.75728e-06
569.929, 5.84492e-06
570.352, 5.93458e-06
570.776, 6.02631e-06
571.2, 6.12018e-06
571.623, 6.21626e-06
572.047, 6.31461e-06
572.471, 6.41531e-06
572.894, 6.51843e-06
573.318, 6.62405e-06
573.742, 6.73225e-06
574.165, 6.84312e-06
574.589, 6.95675e-06
575.013, 7.07322e-06
575.436, 7.19264e-06
575.86, 7.3151e-06
576.284, 7.44072e-06
576.707, 7.56958e-06
577.131, 7.70182e-06
577.555, 7.83755e-06
577.978, 7.97689e-06
578.402, 8.11998e-06
578.826, 8.26694e-06
579.249, 8.41792e-06
579.673, 8.57307e-06
580.097, 8.73254e-06
580.52, 8.8965e-06
580.944, 9.06511e-06
581.368, 9.23855e-06
581.791, 9.41701e-06
582.215, 9.60068e-06
582.639, 9.78977e-06
583.062, 9.9845e-06
583.486, 1.01851e-05
583.909, 1.03918e-05
584.333, 1.06048e-05
584.757, 1.08244e-05
585.18, 1.1051e-05
585.604, 1.12847e-05
586.028, 1.15258e-05
586.451, 1.17748e-05
586.875, 1.2032e-05
587.299, 1.22976e-05
587.722, 1.25722e-05
588.146, 1.2856e-05
588.57, 1.31495e-05
588.993, 1.34532e-05
589.417, 1.37675e-05
589.841, 1.4093e-05
590.264, 1.44301e-05
590.688, 1.47794e-05
591.112, 1.51416e-05
591.535, 1.55173e-05
591.959, 1.59071e-05
592.383, 1.63117e-05
592.806, 1.6732e-05
593.23, 1.71687e-05
593.654, 1.76227e-05
594.077, 1.8095e-05
594.501, 1.85865e-05
594.925, 1.90983e-05
595.348, 1.96315e-05
595.772, 2.01873e-05
596.196, 2.0767e-05
596.619, 2.13721e-05
597.043, 2.2004e-05
597.467, 2.26643e-05
597.89, 2.33548e-05
598.314, 2.40773e-05
598.738, 2.48338e-05
599.161, 2.56266e-05
599.585, 2.64579e-05


