176.349000000000	11.9933000000000	6.23446000000000e-08
176.772000000000	11.9950000000000	6.25462000000000e-08
177.196000000000	11.9967000000000	6.27483000000000e-08
177.619000000000	11.9984000000000	6.29508000000000e-08
178.043000000000	12	6.31538000000000e-08
178.467000000000	12.0017000000000	6.33572000000000e-08
178.890000000000	12.0034000000000	6.35611000000000e-08
179.314000000000	12.0051000000000	6.37654000000000e-08
179.738000000000	12.0068000000000	6.39702000000000e-08
180.161000000000	12.0085000000000	6.41754000000000e-08
180.585000000000	12.0102000000000	6.43810000000000e-08
181.009000000000	12.0119000000000	6.45872000000000e-08
181.432000000000	12.0137000000000	6.47937000000000e-08
181.856000000000	12.0154000000000	6.50008000000000e-08
182.280000000000	12.0171000000000	6.52083000000000e-08
182.703000000000	12.0189000000000	6.54163000000000e-08
183.127000000000	12.0206000000000	6.56247000000000e-08
183.551000000000	12.0223000000000	6.58336000000000e-08
183.974000000000	12.0241000000000	6.60430000000000e-08
184.398000000000	12.0259000000000	6.62528000000000e-08
184.822000000000	12.0276000000000	6.64631000000000e-08
185.245000000000	12.0294000000000	6.66739000000000e-08
185.669000000000	12.0312000000000	6.68852000000000e-08
186.093000000000	12.0330000000000	6.70970000000000e-08
186.516000000000	12.0347000000000	6.73092000000000e-08
186.940000000000	12.0365000000000	6.75219000000000e-08
187.364000000000	12.0383000000000	6.77352000000000e-08
187.787000000000	12.0402000000000	6.79489000000000e-08
188.211000000000	12.0420000000000	6.81630000000000e-08
188.635000000000	12.0438000000000	6.83777000000000e-08
189.058000000000	12.0456000000000	6.85929000000000e-08
189.482000000000	12.0474000000000	6.88086000000000e-08
189.906000000000	12.0493000000000	6.90248000000000e-08
190.329000000000	12.0511000000000	6.92415000000000e-08
190.753000000000	12.0530000000000	6.94587000000000e-08
191.177000000000	12.0548000000000	6.96764000000000e-08
191.600000000000	12.0567000000000	6.98946000000000e-08
192.024000000000	12.0585000000000	7.01133000000000e-08
192.448000000000	12.0604000000000	7.03325000000000e-08
192.871000000000	12.0623000000000	7.05523000000000e-08
193.295000000000	12.0642000000000	7.07725000000000e-08
193.719000000000	12.0660000000000	7.09933000000000e-08
194.142000000000	12.0679000000000	7.12146000000000e-08
194.566000000000	12.0698000000000	7.14365000000000e-08
194.990000000000	12.0717000000000	7.16588000000000e-08
195.413000000000	12.0736000000000	7.18817000000000e-08
195.837000000000	12.0756000000000	7.21052000000000e-08
196.261000000000	12.0775000000000	7.23291000000000e-08
196.684000000000	12.0794000000000	7.25536000000000e-08
197.108000000000	12.0813000000000	7.27787000000000e-08
197.532000000000	12.0833000000000	7.30042000000000e-08
197.955000000000	12.0852000000000	7.32304000000000e-08
198.379000000000	12.0872000000000	7.34570000000000e-08
198.802000000000	12.0891000000000	7.36842000000000e-08
199.226000000000	12.0911000000000	7.39120000000000e-08
199.650000000000	12.0931000000000	7.41403000000000e-08
200.073000000000	12.0951000000000	7.43692000000000e-08
200.497000000000	12.0970000000000	7.45987000000000e-08
200.921000000000	12.0990000000000	7.48287000000000e-08
201.344000000000	12.1010000000000	7.50592000000000e-08
201.768000000000	12.1030000000000	7.52904000000000e-08
202.192000000000	12.1050000000000	7.55221000000000e-08
202.615000000000	12.1070000000000	7.57544000000000e-08
203.039000000000	12.1091000000000	7.59872000000000e-08
203.463000000000	12.1111000000000	7.62206000000000e-08
203.886000000000	12.1131000000000	7.64546000000000e-08
204.310000000000	12.1152000000000	7.66892000000000e-08
204.734000000000	12.1172000000000	7.69244000000000e-08
205.157000000000	12.1193000000000	7.71601000000000e-08
205.581000000000	12.1213000000000	7.73965000000000e-08
206.005000000000	12.1234000000000	7.76334000000000e-08
206.428000000000	12.1254000000000	7.78710000000000e-08
206.852000000000	12.1275000000000	7.81091000000000e-08
207.276000000000	12.1296000000000	7.83478000000000e-08
207.699000000000	12.1317000000000	7.85872000000000e-08
208.123000000000	12.1338000000000	7.88271000000000e-08
208.547000000000	12.1359000000000	7.90677000000000e-08
208.970000000000	12.1380000000000	7.93088000000000e-08
209.394000000000	12.1401000000000	7.95506000000000e-08
209.818000000000	12.1422000000000	7.97930000000000e-08
210.241000000000	12.1444000000000	8.00360000000000e-08
210.665000000000	12.1465000000000	8.02796000000000e-08
211.089000000000	12.1486000000000	8.05239000000000e-08
211.512000000000	12.1508000000000	8.07688000000000e-08
211.936000000000	12.1529000000000	8.10143000000000e-08
212.360000000000	12.1551000000000	8.12604000000000e-08
212.783000000000	12.1573000000000	8.15072000000000e-08
213.207000000000	12.1594000000000	8.17546000000000e-08
213.631000000000	12.1616000000000	8.20027000000000e-08
214.054000000000	12.1638000000000	8.22514000000000e-08
214.478000000000	12.1660000000000	8.25008000000000e-08
214.902000000000	12.1682000000000	8.27508000000000e-08
215.325000000000	12.1704000000000	8.30014000000000e-08
215.749000000000	12.1726000000000	8.32528000000000e-08
216.173000000000	12.1748000000000	8.35047000000000e-08
216.596000000000	12.1771000000000	8.37574000000000e-08
217.020000000000	12.1793000000000	8.40107000000000e-08
217.444000000000	12.1815000000000	8.42647000000000e-08
217.867000000000	12.1838000000000	8.45193000000000e-08
218.291000000000	12.1860000000000	8.47746000000000e-08
218.715000000000	12.1883000000000	8.50306000000000e-08
219.138000000000	12.1906000000000	8.52873000000000e-08
219.562000000000	12.1928000000000	8.55447000000000e-08
219.985000000000	12.1951000000000	8.58027000000000e-08
220.409000000000	12.1974000000000	8.60614000000000e-08
220.833000000000	12.1997000000000	8.63209000000000e-08
221.256000000000	12.2020000000000	8.65810000000000e-08
221.680000000000	12.2043000000000	8.68418000000000e-08
222.104000000000	12.2066000000000	8.71034000000000e-08
222.527000000000	12.2089000000000	8.73656000000000e-08
222.951000000000	12.2113000000000	8.76285000000000e-08
223.375000000000	12.2136000000000	8.78922000000000e-08
223.798000000000	12.2159000000000	8.81566000000000e-08
224.222000000000	12.2183000000000	8.84217000000000e-08
224.646000000000	12.2207000000000	8.86875000000000e-08
225.069000000000	12.2230000000000	8.89540000000000e-08
225.493000000000	12.2254000000000	8.92213000000000e-08
225.917000000000	12.2278000000000	8.94893000000000e-08
226.340000000000	12.2302000000000	8.97580000000000e-08
226.764000000000	12.2325000000000	9.00275000000000e-08
227.188000000000	12.2349000000000	9.02977000000000e-08
227.611000000000	12.2374000000000	9.05686000000000e-08
228.035000000000	12.2398000000000	9.08404000000000e-08
228.459000000000	12.2422000000000	9.11128000000000e-08
228.882000000000	12.2446000000000	9.13860000000000e-08
229.306000000000	12.2471000000000	9.16600000000000e-08
229.730000000000	12.2495000000000	9.19347000000000e-08
230.153000000000	12.2519000000000	9.22102000000000e-08
230.577000000000	12.2544000000000	9.24865000000000e-08
231.001000000000	12.2569000000000	9.27636000000000e-08
231.424000000000	12.2593000000000	9.30414000000000e-08
231.848000000000	12.2618000000000	9.33200000000000e-08
232.272000000000	12.2643000000000	9.35994000000000e-08
232.695000000000	12.2668000000000	9.38795000000000e-08
233.119000000000	12.2693000000000	9.41605000000000e-08
233.543000000000	12.2718000000000	9.44422000000000e-08
233.966000000000	12.2743000000000	9.47248000000000e-08
234.390000000000	12.2769000000000	9.50082000000000e-08
234.814000000000	12.2794000000000	9.52923000000000e-08
235.237000000000	12.2819000000000	9.55773000000000e-08
235.661000000000	12.2845000000000	9.58631000000000e-08
236.085000000000	12.2870000000000	9.61497000000000e-08
236.508000000000	12.2896000000000	9.64371000000000e-08
236.932000000000	12.2922000000000	9.67254000000000e-08
237.356000000000	12.2948000000000	9.70144000000000e-08
237.779000000000	12.2973000000000	9.73043000000000e-08
238.203000000000	12.2999000000000	9.75951000000000e-08
238.627000000000	12.3025000000000	9.78867000000000e-08
239.050000000000	12.3051000000000	9.81791000000000e-08
239.474000000000	12.3078000000000	9.84724000000000e-08
239.898000000000	12.3104000000000	9.87665000000000e-08
240.321000000000	12.3130000000000	9.90615000000000e-08
240.745000000000	12.3157000000000	9.93573000000000e-08
241.168000000000	12.3183000000000	9.96540000000000e-08
241.592000000000	12.3210000000000	9.99516000000000e-08
242.016000000000	12.3236000000000	1.00250000000000e-07
242.439000000000	12.3263000000000	1.00549000000000e-07
242.863000000000	12.3290000000000	1.00850000000000e-07
243.287000000000	12.3317000000000	1.01151000000000e-07
243.710000000000	12.3344000000000	1.01453000000000e-07
244.134000000000	12.3371000000000	1.01756000000000e-07
244.558000000000	12.3398000000000	1.02059000000000e-07
244.981000000000	12.3425000000000	1.02364000000000e-07
245.405000000000	12.3452000000000	1.02669000000000e-07
245.829000000000	12.3480000000000	1.02976000000000e-07
246.252000000000	12.3507000000000	1.03283000000000e-07
246.676000000000	12.3535000000000	1.03592000000000e-07
247.100000000000	12.3562000000000	1.03901000000000e-07
247.523000000000	12.3590000000000	1.04211000000000e-07
247.947000000000	12.3618000000000	1.04522000000000e-07
248.371000000000	12.3646000000000	1.04834000000000e-07
248.794000000000	12.3674000000000	1.05147000000000e-07
249.218000000000	12.3702000000000	1.05461000000000e-07
249.642000000000	12.3730000000000	1.05776000000000e-07
250.065000000000	12.3758000000000	1.06092000000000e-07
250.489000000000	12.3786000000000	1.06408000000000e-07
250.913000000000	12.3815000000000	1.06726000000000e-07
251.336000000000	12.3843000000000	1.07045000000000e-07
251.760000000000	12.3872000000000	1.07365000000000e-07
252.184000000000	12.3900000000000	1.07685000000000e-07
252.607000000000	12.3929000000000	1.08007000000000e-07
253.031000000000	12.3958000000000	1.08329000000000e-07
253.455000000000	12.3987000000000	1.08653000000000e-07
253.878000000000	12.4016000000000	1.08978000000000e-07
254.302000000000	12.4045000000000	1.09303000000000e-07
254.726000000000	12.4074000000000	1.09630000000000e-07
255.149000000000	12.4103000000000	1.09957000000000e-07
255.573000000000	12.4132000000000	1.10286000000000e-07
255.997000000000	12.4162000000000	1.10616000000000e-07
256.420000000000	12.4191000000000	1.10946000000000e-07
256.844000000000	12.4221000000000	1.11278000000000e-07
257.268000000000	12.4250000000000	1.11611000000000e-07
257.691000000000	12.4280000000000	1.11945000000000e-07
258.115000000000	12.4310000000000	1.12279000000000e-07
258.539000000000	12.4340000000000	1.12615000000000e-07
258.962000000000	12.4370000000000	1.12952000000000e-07
259.386000000000	12.4400000000000	1.13290000000000e-07
259.810000000000	12.4430000000000	1.13629000000000e-07
260.233000000000	12.4461000000000	1.13969000000000e-07
260.657000000000	12.4491000000000	1.14310000000000e-07
261.081000000000	12.4521000000000	1.14653000000000e-07
261.504000000000	12.4552000000000	1.14996000000000e-07
261.928000000000	12.4583000000000	1.15340000000000e-07
262.351000000000	12.4613000000000	1.15686000000000e-07
262.775000000000	12.4644000000000	1.16033000000000e-07
263.199000000000	12.4675000000000	1.16380000000000e-07
263.622000000000	12.4706000000000	1.16729000000000e-07
264.046000000000	12.4737000000000	1.17079000000000e-07
264.470000000000	12.4769000000000	1.17430000000000e-07
264.893000000000	12.4800000000000	1.17782000000000e-07
265.317000000000	12.4831000000000	1.18136000000000e-07
265.741000000000	12.4863000000000	1.18490000000000e-07
266.164000000000	12.4894000000000	1.18846000000000e-07
266.588000000000	12.4926000000000	1.19203000000000e-07
267.012000000000	12.4958000000000	1.19560000000000e-07
267.435000000000	12.4990000000000	1.19920000000000e-07
267.859000000000	12.5022000000000	1.20280000000000e-07
268.283000000000	12.5054000000000	1.20641000000000e-07
268.706000000000	12.5086000000000	1.21004000000000e-07
269.130000000000	12.5118000000000	1.21368000000000e-07
269.554000000000	12.5151000000000	1.21733000000000e-07
269.977000000000	12.5183000000000	1.22099000000000e-07
270.401000000000	12.5216000000000	1.22466000000000e-07
270.825000000000	12.5248000000000	1.22835000000000e-07
271.248000000000	12.5281000000000	1.23205000000000e-07
271.672000000000	12.5314000000000	1.23576000000000e-07
272.096000000000	12.5347000000000	1.23948000000000e-07
272.519000000000	12.5380000000000	1.24321000000000e-07
272.943000000000	12.5413000000000	1.24696000000000e-07
273.367000000000	12.5446000000000	1.25072000000000e-07
273.790000000000	12.5479000000000	1.25449000000000e-07
274.214000000000	12.5513000000000	1.25828000000000e-07
274.638000000000	12.5546000000000	1.26207000000000e-07
275.061000000000	12.5580000000000	1.26588000000000e-07
275.485000000000	12.5614000000000	1.26971000000000e-07
275.909000000000	12.5648000000000	1.27354000000000e-07
276.332000000000	12.5682000000000	1.27739000000000e-07
276.756000000000	12.5716000000000	1.28125000000000e-07
277.180000000000	12.5750000000000	1.28513000000000e-07
277.603000000000	12.5784000000000	1.28901000000000e-07
278.027000000000	12.5819000000000	1.29291000000000e-07
278.451000000000	12.5853000000000	1.29683000000000e-07
278.874000000000	12.5888000000000	1.30075000000000e-07
279.298000000000	12.5922000000000	1.30469000000000e-07
279.722000000000	12.5957000000000	1.30865000000000e-07
280.145000000000	12.5992000000000	1.31262000000000e-07
280.569000000000	12.6027000000000	1.31660000000000e-07
280.993000000000	12.6062000000000	1.32059000000000e-07
281.416000000000	12.6097000000000	1.32460000000000e-07
281.840000000000	12.6133000000000	1.32862000000000e-07
282.264000000000	12.6168000000000	1.33266000000000e-07
282.687000000000	12.6203000000000	1.33671000000000e-07
283.111000000000	12.6239000000000	1.34077000000000e-07
283.535000000000	12.6275000000000	1.34485000000000e-07
283.958000000000	12.6311000000000	1.34894000000000e-07
284.382000000000	12.6347000000000	1.35305000000000e-07
284.805000000000	12.6383000000000	1.35717000000000e-07
285.229000000000	12.6419000000000	1.36130000000000e-07
285.653000000000	12.6455000000000	1.36545000000000e-07
286.076000000000	12.6492000000000	1.36961000000000e-07
286.500000000000	12.6528000000000	1.37379000000000e-07
286.924000000000	12.6565000000000	1.37798000000000e-07
287.347000000000	12.6601000000000	1.38219000000000e-07
287.771000000000	12.6638000000000	1.38641000000000e-07
288.195000000000	12.6675000000000	1.39065000000000e-07
288.618000000000	12.6712000000000	1.39490000000000e-07
289.042000000000	12.6750000000000	1.39917000000000e-07
289.466000000000	12.6787000000000	1.40345000000000e-07
289.889000000000	12.6824000000000	1.40774000000000e-07
290.313000000000	12.6862000000000	1.41206000000000e-07
290.737000000000	12.6899000000000	1.41638000000000e-07
291.160000000000	12.6937000000000	1.42073000000000e-07
291.584000000000	12.6975000000000	1.42509000000000e-07
292.008000000000	12.7013000000000	1.42946000000000e-07
292.431000000000	12.7051000000000	1.43385000000000e-07
292.855000000000	12.7089000000000	1.43825000000000e-07
293.279000000000	12.7128000000000	1.44268000000000e-07
293.702000000000	12.7166000000000	1.44711000000000e-07
294.126000000000	12.7205000000000	1.45157000000000e-07
294.550000000000	12.7244000000000	1.45603000000000e-07
294.973000000000	12.7282000000000	1.46052000000000e-07
295.397000000000	12.7321000000000	1.46502000000000e-07
295.821000000000	12.7360000000000	1.46954000000000e-07
296.244000000000	12.7399000000000	1.47407000000000e-07
296.668000000000	12.7439000000000	1.47862000000000e-07
297.092000000000	12.7478000000000	1.48319000000000e-07
297.515000000000	12.7518000000000	1.48777000000000e-07
297.939000000000	12.7557000000000	1.49237000000000e-07
298.363000000000	12.7597000000000	1.49699000000000e-07
298.786000000000	12.7637000000000	1.50162000000000e-07
299.210000000000	12.7677000000000	1.50628000000000e-07
299.634000000000	12.7717000000000	1.51094000000000e-07
300.057000000000	12.7758000000000	1.51563000000000e-07
300.481000000000	12.7798000000000	1.52033000000000e-07
300.905000000000	12.7839000000000	1.52505000000000e-07
301.328000000000	12.7879000000000	1.52979000000000e-07
301.752000000000	12.7920000000000	1.53454000000000e-07
302.176000000000	12.7961000000000	1.53932000000000e-07
302.599000000000	12.8002000000000	1.54411000000000e-07
303.023000000000	12.8043000000000	1.54892000000000e-07
303.447000000000	12.8084000000000	1.55374000000000e-07
303.870000000000	12.8126000000000	1.55859000000000e-07
304.294000000000	12.8167000000000	1.56345000000000e-07
304.718000000000	12.8209000000000	1.56833000000000e-07
305.141000000000	12.8251000000000	1.57323000000000e-07
305.565000000000	12.8293000000000	1.57814000000000e-07
305.988000000000	12.8335000000000	1.58308000000000e-07
306.412000000000	12.8377000000000	1.58804000000000e-07
306.836000000000	12.8419000000000	1.59301000000000e-07
307.259000000000	12.8462000000000	1.59800000000000e-07
307.683000000000	12.8505000000000	1.60301000000000e-07
308.107000000000	12.8547000000000	1.60804000000000e-07
308.530000000000	12.8590000000000	1.61309000000000e-07
308.954000000000	12.8633000000000	1.61816000000000e-07
309.378000000000	12.8676000000000	1.62325000000000e-07
309.801000000000	12.8720000000000	1.62835000000000e-07
310.225000000000	12.8763000000000	1.63348000000000e-07
310.649000000000	12.8807000000000	1.63863000000000e-07
311.072000000000	12.8850000000000	1.64379000000000e-07
311.496000000000	12.8894000000000	1.64898000000000e-07
311.920000000000	12.8938000000000	1.65418000000000e-07
312.343000000000	12.8982000000000	1.65941000000000e-07
312.767000000000	12.9026000000000	1.66466000000000e-07
313.191000000000	12.9071000000000	1.66992000000000e-07
313.614000000000	12.9115000000000	1.67521000000000e-07
314.038000000000	12.9160000000000	1.68052000000000e-07
314.462000000000	12.9205000000000	1.68584000000000e-07
314.885000000000	12.9250000000000	1.69119000000000e-07
315.309000000000	12.9295000000000	1.69656000000000e-07
315.733000000000	12.9340000000000	1.70195000000000e-07
316.156000000000	12.9385000000000	1.70737000000000e-07
316.580000000000	12.9431000000000	1.71280000000000e-07
317.004000000000	12.9477000000000	1.71825000000000e-07
317.427000000000	12.9522000000000	1.72373000000000e-07
317.851000000000	12.9568000000000	1.72923000000000e-07
318.275000000000	12.9614000000000	1.73475000000000e-07
318.698000000000	12.9661000000000	1.74029000000000e-07
319.122000000000	12.9707000000000	1.74585000000000e-07
319.546000000000	12.9754000000000	1.75144000000000e-07
319.969000000000	12.9800000000000	1.75704000000000e-07
320.393000000000	12.9847000000000	1.76267000000000e-07
320.817000000000	12.9894000000000	1.76832000000000e-07
321.240000000000	12.9941000000000	1.77400000000000e-07
321.664000000000	12.9989000000000	1.77970000000000e-07
322.088000000000	13.0036000000000	1.78542000000000e-07
322.511000000000	13.0084000000000	1.79116000000000e-07
322.935000000000	13.0131000000000	1.79693000000000e-07
323.359000000000	13.0179000000000	1.80272000000000e-07
323.782000000000	13.0227000000000	1.80853000000000e-07
324.206000000000	13.0276000000000	1.81436000000000e-07
324.630000000000	13.0324000000000	1.82022000000000e-07
325.053000000000	13.0373000000000	1.82611000000000e-07
325.477000000000	13.0421000000000	1.83202000000000e-07
325.901000000000	13.0470000000000	1.83795000000000e-07
326.324000000000	13.0519000000000	1.84390000000000e-07
326.748000000000	13.0568000000000	1.84988000000000e-07
327.171000000000	13.0618000000000	1.85589000000000e-07
327.595000000000	13.0667000000000	1.86192000000000e-07
328.019000000000	13.0717000000000	1.86797000000000e-07
328.442000000000	13.0766000000000	1.87405000000000e-07
328.866000000000	13.0816000000000	1.88015000000000e-07
329.290000000000	13.0867000000000	1.88628000000000e-07
329.713000000000	13.0917000000000	1.89244000000000e-07
330.137000000000	13.0967000000000	1.89862000000000e-07
330.561000000000	13.1018000000000	1.90482000000000e-07
330.984000000000	13.1069000000000	1.91105000000000e-07
331.408000000000	13.1120000000000	1.91731000000000e-07
331.832000000000	13.1171000000000	1.92359000000000e-07
332.255000000000	13.1222000000000	1.92990000000000e-07
332.679000000000	13.1274000000000	1.93624000000000e-07
333.103000000000	13.1325000000000	1.94260000000000e-07
333.526000000000	13.1377000000000	1.94899000000000e-07
333.950000000000	13.1429000000000	1.95541000000000e-07
334.374000000000	13.1481000000000	1.96185000000000e-07
334.797000000000	13.1533000000000	1.96832000000000e-07
335.221000000000	13.1586000000000	1.97482000000000e-07
335.645000000000	13.1639000000000	1.98134000000000e-07
336.068000000000	13.1691000000000	1.98789000000000e-07
336.492000000000	13.1744000000000	1.99447000000000e-07
336.916000000000	13.1798000000000	2.00108000000000e-07
337.339000000000	13.1851000000000	2.00772000000000e-07
337.763000000000	13.1904000000000	2.01438000000000e-07
338.187000000000	13.1958000000000	2.02107000000000e-07
338.610000000000	13.2012000000000	2.02780000000000e-07
339.034000000000	13.2066000000000	2.03455000000000e-07
339.458000000000	13.2120000000000	2.04132000000000e-07
339.881000000000	13.2175000000000	2.04813000000000e-07
340.305000000000	13.2229000000000	2.05497000000000e-07
340.729000000000	13.2284000000000	2.06184000000000e-07
341.152000000000	13.2339000000000	2.06873000000000e-07
341.576000000000	13.2394000000000	2.07566000000000e-07
342	13.2450000000000	2.08262000000000e-07
342.423000000000	13.2505000000000	2.08961000000000e-07
342.847000000000	13.2561000000000	2.09662000000000e-07
343.271000000000	13.2617000000000	2.10367000000000e-07
343.694000000000	13.2673000000000	2.11075000000000e-07
344.118000000000	13.2729000000000	2.11786000000000e-07
344.542000000000	13.2786000000000	2.12500000000000e-07
344.965000000000	13.2842000000000	2.13217000000000e-07
345.389000000000	13.2899000000000	2.13938000000000e-07
345.813000000000	13.2956000000000	2.14661000000000e-07
346.236000000000	13.3013000000000	2.15388000000000e-07
346.660000000000	13.3071000000000	2.16118000000000e-07
347.084000000000	13.3128000000000	2.16851000000000e-07
347.507000000000	13.3186000000000	2.17587000000000e-07
347.931000000000	13.3244000000000	2.18327000000000e-07
348.354000000000	13.3303000000000	2.19070000000000e-07
348.778000000000	13.3361000000000	2.19816000000000e-07
349.202000000000	13.3420000000000	2.20566000000000e-07
349.625000000000	13.3478000000000	2.21319000000000e-07
350.049000000000	13.3537000000000	2.22075000000000e-07
350.473000000000	13.3597000000000	2.22835000000000e-07
350.896000000000	13.3656000000000	2.23598000000000e-07
351.320000000000	13.3716000000000	2.24365000000000e-07
351.744000000000	13.3775000000000	2.25135000000000e-07
352.167000000000	13.3836000000000	2.25908000000000e-07
352.591000000000	13.3896000000000	2.26685000000000e-07
353.015000000000	13.3956000000000	2.27466000000000e-07
353.438000000000	13.4017000000000	2.28250000000000e-07
353.862000000000	13.4078000000000	2.29038000000000e-07
354.286000000000	13.4139000000000	2.29829000000000e-07
354.709000000000	13.4200000000000	2.30624000000000e-07
355.133000000000	13.4262000000000	2.31422000000000e-07
355.557000000000	13.4323000000000	2.32225000000000e-07
355.980000000000	13.4385000000000	2.33030000000000e-07
356.404000000000	13.4447000000000	2.33840000000000e-07
356.828000000000	13.4510000000000	2.34653000000000e-07
357.251000000000	13.4572000000000	2.35470000000000e-07
357.675000000000	13.4635000000000	2.36291000000000e-07
358.099000000000	13.4698000000000	2.37116000000000e-07
358.522000000000	13.4761000000000	2.37944000000000e-07
358.946000000000	13.4825000000000	2.38776000000000e-07
359.370000000000	13.4888000000000	2.39612000000000e-07
359.793000000000	13.4952000000000	2.40452000000000e-07
360.217000000000	13.5016000000000	2.41296000000000e-07
360.641000000000	13.5081000000000	2.42144000000000e-07
361.064000000000	13.5145000000000	2.42996000000000e-07
361.488000000000	13.5210000000000	2.43852000000000e-07
361.912000000000	13.5275000000000	2.44712000000000e-07
362.335000000000	13.5340000000000	2.45576000000000e-07
362.759000000000	13.5406000000000	2.46444000000000e-07
363.183000000000	13.5472000000000	2.47316000000000e-07
363.606000000000	13.5538000000000	2.48192000000000e-07
364.030000000000	13.5604000000000	2.49073000000000e-07
364.454000000000	13.5670000000000	2.49957000000000e-07
364.877000000000	13.5737000000000	2.50846000000000e-07
365.301000000000	13.5804000000000	2.51739000000000e-07
365.725000000000	13.5871000000000	2.52637000000000e-07
366.148000000000	13.5938000000000	2.53538000000000e-07
366.572000000000	13.6006000000000	2.54444000000000e-07
366.996000000000	13.6074000000000	2.55355000000000e-07
367.419000000000	13.6142000000000	2.56269000000000e-07
367.843000000000	13.6210000000000	2.57188000000000e-07
368.267000000000	13.6279000000000	2.58112000000000e-07
368.690000000000	13.6348000000000	2.59040000000000e-07
369.114000000000	13.6417000000000	2.59972000000000e-07
369.537000000000	13.6486000000000	2.60909000000000e-07
369.961000000000	13.6556000000000	2.61851000000000e-07
370.385000000000	13.6625000000000	2.62797000000000e-07
370.808000000000	13.6695000000000	2.63748000000000e-07
371.232000000000	13.6766000000000	2.64703000000000e-07
371.656000000000	13.6836000000000	2.65663000000000e-07
372.079000000000	13.6907000000000	2.66628000000000e-07
372.503000000000	13.6978000000000	2.67598000000000e-07
372.927000000000	13.7050000000000	2.68572000000000e-07
373.350000000000	13.7121000000000	2.69551000000000e-07
373.774000000000	13.7193000000000	2.70535000000000e-07
374.198000000000	13.7265000000000	2.71524000000000e-07
374.621000000000	13.7338000000000	2.72518000000000e-07
375.045000000000	13.7410000000000	2.73517000000000e-07
375.469000000000	13.7483000000000	2.74520000000000e-07
375.892000000000	13.7557000000000	2.75529000000000e-07
376.316000000000	13.7630000000000	2.76543000000000e-07
376.740000000000	13.7704000000000	2.77562000000000e-07
377.163000000000	13.7778000000000	2.78586000000000e-07
377.587000000000	13.7852000000000	2.79615000000000e-07
378.011000000000	13.7927000000000	2.80649000000000e-07
378.434000000000	13.8002000000000	2.81688000000000e-07
378.858000000000	13.8077000000000	2.82733000000000e-07
379.282000000000	13.8152000000000	2.83783000000000e-07
379.705000000000	13.8228000000000	2.84838000000000e-07
380.129000000000	13.8304000000000	2.85899000000000e-07
380.553000000000	13.8380000000000	2.86965000000000e-07
380.976000000000	13.8456000000000	2.88037000000000e-07
381.400000000000	13.8533000000000	2.89114000000000e-07
381.824000000000	13.8610000000000	2.90196000000000e-07
382.247000000000	13.8688000000000	2.91284000000000e-07
382.671000000000	13.8765000000000	2.92378000000000e-07
383.095000000000	13.8843000000000	2.93477000000000e-07
383.518000000000	13.8922000000000	2.94582000000000e-07
383.942000000000	13.9000000000000	2.95693000000000e-07
384.366000000000	13.9079000000000	2.96810000000000e-07
384.789000000000	13.9158000000000	2.97932000000000e-07
385.213000000000	13.9238000000000	2.99060000000000e-07
385.637000000000	13.9318000000000	3.00194000000000e-07
386.060000000000	13.9398000000000	3.01334000000000e-07
386.484000000000	13.9478000000000	3.02479000000000e-07
386.908000000000	13.9559000000000	3.03631000000000e-07
387.331000000000	13.9640000000000	3.04789000000000e-07
387.755000000000	13.9721000000000	3.05953000000000e-07
388.179000000000	13.9802000000000	3.07123000000000e-07
388.602000000000	13.9884000000000	3.08299000000000e-07
389.026000000000	13.9967000000000	3.09482000000000e-07
389.450000000000	14.0049000000000	3.10671000000000e-07
389.873000000000	14.0132000000000	3.11866000000000e-07
390.297000000000	14.0215000000000	3.13067000000000e-07
390.721000000000	14.0299000000000	3.14275000000000e-07
391.144000000000	14.0383000000000	3.15489000000000e-07
391.568000000000	14.0467000000000	3.16710000000000e-07
391.991000000000	14.0551000000000	3.17937000000000e-07
392.415000000000	14.0636000000000	3.19171000000000e-07
392.839000000000	14.0721000000000	3.20411000000000e-07
393.262000000000	14.0807000000000	3.21658000000000e-07
393.686000000000	14.0892000000000	3.22912000000000e-07
394.110000000000	14.0978000000000	3.24173000000000e-07
394.533000000000	14.1065000000000	3.25440000000000e-07
394.957000000000	14.1152000000000	3.26715000000000e-07
395.381000000000	14.1239000000000	3.27996000000000e-07
395.804000000000	14.1326000000000	3.29284000000000e-07
396.228000000000	14.1414000000000	3.30580000000000e-07
396.652000000000	14.1502000000000	3.31882000000000e-07
397.075000000000	14.1591000000000	3.33192000000000e-07
397.499000000000	14.1680000000000	3.34509000000000e-07
397.923000000000	14.1769000000000	3.35833000000000e-07
398.346000000000	14.1858000000000	3.37164000000000e-07
398.770000000000	14.1948000000000	3.38503000000000e-07
399.194000000000	14.2039000000000	3.39849000000000e-07
399.617000000000	14.2129000000000	3.41202000000000e-07
400.041000000000	14.2220000000000	3.42563000000000e-07
400.465000000000	14.2312000000000	3.43932000000000e-07
400.888000000000	14.2403000000000	3.45308000000000e-07
401.312000000000	14.2496000000000	3.46692000000000e-07
401.736000000000	14.2588000000000	3.48084000000000e-07
402.159000000000	14.2681000000000	3.49484000000000e-07
402.583000000000	14.2774000000000	3.50891000000000e-07
403.007000000000	14.2868000000000	3.52306000000000e-07
403.430000000000	14.2962000000000	3.53730000000000e-07
403.854000000000	14.3056000000000	3.55161000000000e-07
404.278000000000	14.3151000000000	3.56601000000000e-07
404.701000000000	14.3246000000000	3.58048000000000e-07
405.125000000000	14.3341000000000	3.59504000000000e-07
405.549000000000	14.3437000000000	3.60969000000000e-07
405.972000000000	14.3534000000000	3.62441000000000e-07
406.396000000000	14.3630000000000	3.63922000000000e-07
406.820000000000	14.3727000000000	3.65412000000000e-07
407.243000000000	14.3825000000000	3.66910000000000e-07
407.667000000000	14.3923000000000	3.68417000000000e-07
408.091000000000	14.4021000000000	3.69932000000000e-07
408.514000000000	14.4120000000000	3.71456000000000e-07
408.938000000000	14.4219000000000	3.72989000000000e-07
409.362000000000	14.4318000000000	3.74531000000000e-07
409.785000000000	14.4418000000000	3.76082000000000e-07
410.209000000000	14.4518000000000	3.77642000000000e-07
410.633000000000	14.4619000000000	3.79211000000000e-07
411.056000000000	14.4720000000000	3.80790000000000e-07
411.480000000000	14.4822000000000	3.82377000000000e-07
411.904000000000	14.4924000000000	3.83974000000000e-07
412.327000000000	14.5026000000000	3.85580000000000e-07
412.751000000000	14.5129000000000	3.87196000000000e-07
413.174000000000	14.5232000000000	3.88822000000000e-07
413.598000000000	14.5336000000000	3.90457000000000e-07
414.022000000000	14.5440000000000	3.92101000000000e-07
414.445000000000	14.5545000000000	3.93756000000000e-07
414.869000000000	14.5650000000000	3.95420000000000e-07
415.293000000000	14.5755000000000	3.97094000000000e-07
415.716000000000	14.5861000000000	3.98779000000000e-07
416.140000000000	14.5968000000000	4.00473000000000e-07
416.564000000000	14.6075000000000	4.02178000000000e-07
416.987000000000	14.6182000000000	4.03893000000000e-07
417.411000000000	14.6290000000000	4.05618000000000e-07
417.835000000000	14.6398000000000	4.07354000000000e-07
418.258000000000	14.6506000000000	4.09100000000000e-07
418.682000000000	14.6616000000000	4.10857000000000e-07
419.106000000000	14.6725000000000	4.12625000000000e-07
419.529000000000	14.6835000000000	4.14403000000000e-07
419.953000000000	14.6946000000000	4.16193000000000e-07
420.377000000000	14.7057000000000	4.17993000000000e-07
420.800000000000	14.7168000000000	4.19804000000000e-07
421.224000000000	14.7280000000000	4.21627000000000e-07
421.648000000000	14.7393000000000	4.23460000000000e-07
422.071000000000	14.7506000000000	4.25306000000000e-07
422.495000000000	14.7619000000000	4.27162000000000e-07
422.919000000000	14.7733000000000	4.29030000000000e-07
423.342000000000	14.7848000000000	4.30910000000000e-07
423.766000000000	14.7963000000000	4.32801000000000e-07
424.190000000000	14.8078000000000	4.34705000000000e-07
424.613000000000	14.8194000000000	4.36620000000000e-07
425.037000000000	14.8310000000000	4.38547000000000e-07
425.461000000000	14.8427000000000	4.40486000000000e-07
425.884000000000	14.8545000000000	4.42438000000000e-07
426.308000000000	14.8663000000000	4.44402000000000e-07
426.732000000000	14.8782000000000	4.46378000000000e-07
427.155000000000	14.8901000000000	4.48367000000000e-07
427.579000000000	14.9020000000000	4.50369000000000e-07
428.003000000000	14.9140000000000	4.52383000000000e-07
428.426000000000	14.9261000000000	4.54410000000000e-07
428.850000000000	14.9382000000000	4.56450000000000e-07
429.274000000000	14.9504000000000	4.58504000000000e-07
429.697000000000	14.9626000000000	4.60570000000000e-07
430.121000000000	14.9749000000000	4.62650000000000e-07
430.545000000000	14.9873000000000	4.64743000000000e-07
430.968000000000	14.9997000000000	4.66850000000000e-07
431.392000000000	15.0121000000000	4.68970000000000e-07
431.816000000000	15.0246000000000	4.71105000000000e-07
432.239000000000	15.0372000000000	4.73253000000000e-07
432.663000000000	15.0498000000000	4.75415000000000e-07
433.087000000000	15.0625000000000	4.77592000000000e-07
433.510000000000	15.0753000000000	4.79782000000000e-07
433.934000000000	15.0881000000000	4.81988000000000e-07
434.357000000000	15.1009000000000	4.84207000000000e-07
434.781000000000	15.1138000000000	4.86442000000000e-07
435.205000000000	15.1268000000000	4.88691000000000e-07
435.628000000000	15.1399000000000	4.90955000000000e-07
436.052000000000	15.1530000000000	4.93234000000000e-07
436.476000000000	15.1661000000000	4.95528000000000e-07
436.899000000000	15.1793000000000	4.97838000000000e-07
437.323000000000	15.1926000000000	5.00163000000000e-07
437.747000000000	15.2060000000000	5.02504000000000e-07
438.170000000000	15.2194000000000	5.04860000000000e-07
438.594000000000	15.2329000000000	5.07233000000000e-07
439.018000000000	15.2464000000000	5.09621000000000e-07
439.441000000000	15.2600000000000	5.12026000000000e-07
439.865000000000	15.2736000000000	5.14447000000000e-07
440.289000000000	15.2874000000000	5.16885000000000e-07
440.712000000000	15.3012000000000	5.19339000000000e-07
441.136000000000	15.3150000000000	5.21810000000000e-07
441.560000000000	15.3289000000000	5.24298000000000e-07
441.983000000000	15.3429000000000	5.26803000000000e-07
442.407000000000	15.3570000000000	5.29325000000000e-07
442.831000000000	15.3711000000000	5.31865000000000e-07
443.254000000000	15.3853000000000	5.34422000000000e-07
443.678000000000	15.3996000000000	5.36997000000000e-07
444.102000000000	15.4139000000000	5.39590000000000e-07
444.525000000000	15.4283000000000	5.42201000000000e-07
444.949000000000	15.4428000000000	5.44830000000000e-07
445.373000000000	15.4573000000000	5.47478000000000e-07
445.796000000000	15.4719000000000	5.50145000000000e-07
446.220000000000	15.4866000000000	5.52830000000000e-07
446.644000000000	15.5013000000000	5.55534000000000e-07
447.067000000000	15.5162000000000	5.58257000000000e-07
447.491000000000	15.5311000000000	5.60999000000000e-07
447.915000000000	15.5460000000000	5.63761000000000e-07
448.338000000000	15.5611000000000	5.66543000000000e-07
448.762000000000	15.5762000000000	5.69345000000000e-07
449.186000000000	15.5914000000000	5.72166000000000e-07
449.609000000000	15.6067000000000	5.75008000000000e-07
450.033000000000	15.6220000000000	5.77871000000000e-07
450.457000000000	15.6374000000000	5.80754000000000e-07
450.880000000000	15.6529000000000	5.83657000000000e-07
451.304000000000	15.6685000000000	5.86582000000000e-07
451.728000000000	15.6841000000000	5.89528000000000e-07
452.151000000000	15.6999000000000	5.92496000000000e-07
452.575000000000	15.7157000000000	5.95485000000000e-07
452.999000000000	15.7316000000000	5.98497000000000e-07
453.422000000000	15.7476000000000	6.01530000000000e-07
453.846000000000	15.7636000000000	6.04586000000000e-07
454.270000000000	15.7797000000000	6.07664000000000e-07
454.693000000000	15.7960000000000	6.10765000000000e-07
455.117000000000	15.8123000000000	6.13889000000000e-07
455.540000000000	15.8286000000000	6.17036000000000e-07
455.964000000000	15.8451000000000	6.20206000000000e-07
456.388000000000	15.8617000000000	6.23401000000000e-07
456.811000000000	15.8783000000000	6.26619000000000e-07
457.235000000000	15.8950000000000	6.29861000000000e-07
457.659000000000	15.9118000000000	6.33128000000000e-07
458.082000000000	15.9287000000000	6.36420000000000e-07
458.506000000000	15.9457000000000	6.39736000000000e-07
458.930000000000	15.9628000000000	6.43078000000000e-07
459.353000000000	15.9800000000000	6.46445000000000e-07
459.777000000000	15.9972000000000	6.49837000000000e-07
460.201000000000	16.0145000000000	6.53256000000000e-07
460.624000000000	16.0320000000000	6.56701000000000e-07
461.048000000000	16.0495000000000	6.60172000000000e-07
461.472000000000	16.0671000000000	6.63670000000000e-07
461.895000000000	16.0848000000000	6.67195000000000e-07
462.319000000000	16.1027000000000	6.70748000000000e-07
462.743000000000	16.1206000000000	6.74328000000000e-07
463.166000000000	16.1386000000000	6.77936000000000e-07
463.590000000000	16.1566000000000	6.81572000000000e-07
464.014000000000	16.1748000000000	6.85236000000000e-07
464.437000000000	16.1931000000000	6.88929000000000e-07
464.861000000000	16.2115000000000	6.92652000000000e-07
465.285000000000	16.2300000000000	6.96404000000000e-07
465.708000000000	16.2486000000000	7.00185000000000e-07
466.132000000000	16.2673000000000	7.03997000000000e-07
466.556000000000	16.2861000000000	7.07838000000000e-07
466.979000000000	16.3050000000000	7.11711000000000e-07
467.403000000000	16.3240000000000	7.15614000000000e-07
467.827000000000	16.3431000000000	7.19549000000000e-07
468.250000000000	16.3623000000000	7.23515000000000e-07
468.674000000000	16.3816000000000	7.27514000000000e-07
469.098000000000	16.4010000000000	7.31544000000000e-07
469.521000000000	16.4205000000000	7.35608000000000e-07
469.945000000000	16.4402000000000	7.39704000000000e-07
470.369000000000	16.4599000000000	7.43834000000000e-07
470.792000000000	16.4798000000000	7.47998000000000e-07
471.216000000000	16.4997000000000	7.52195000000000e-07
471.640000000000	16.5198000000000	7.56428000000000e-07
472.063000000000	16.5400000000000	7.60695000000000e-07
472.487000000000	16.5603000000000	7.64997000000000e-07
472.911000000000	16.5807000000000	7.69335000000000e-07
473.334000000000	16.6013000000000	7.73709000000000e-07
473.758000000000	16.6219000000000	7.78120000000000e-07
474.182000000000	16.6427000000000	7.82568000000000e-07
474.605000000000	16.6636000000000	7.87053000000000e-07
475.029000000000	16.6846000000000	7.91575000000000e-07
475.453000000000	16.7057000000000	7.96136000000000e-07
475.876000000000	16.7270000000000	8.00735000000000e-07
476.300000000000	16.7484000000000	8.05373000000000e-07
476.723000000000	16.7699000000000	8.10051000000000e-07
477.147000000000	16.7915000000000	8.14769000000000e-07
477.571000000000	16.8132000000000	8.19527000000000e-07
477.994000000000	16.8351000000000	8.24326000000000e-07
478.418000000000	16.8571000000000	8.29166000000000e-07
478.842000000000	16.8793000000000	8.34048000000000e-07
479.265000000000	16.9015000000000	8.38972000000000e-07
479.689000000000	16.9239000000000	8.43939000000000e-07
480.113000000000	16.9465000000000	8.48949000000000e-07
480.536000000000	16.9691000000000	8.54003000000000e-07
480.960000000000	16.9919000000000	8.59101000000000e-07
481.384000000000	17.0149000000000	8.64244000000000e-07
481.807000000000	17.0379000000000	8.69432000000000e-07
482.231000000000	17.0612000000000	8.74666000000000e-07
482.655000000000	17.0845000000000	8.79946000000000e-07
483.078000000000	17.1080000000000	8.85274000000000e-07
483.502000000000	17.1316000000000	8.90649000000000e-07
483.926000000000	17.1554000000000	8.96072000000000e-07
484.349000000000	17.1793000000000	9.01543000000000e-07
484.773000000000	17.2034000000000	9.07064000000000e-07
485.197000000000	17.2276000000000	9.12635000000000e-07
485.620000000000	17.2520000000000	9.18256000000000e-07
486.044000000000	17.2765000000000	9.23928000000000e-07
486.468000000000	17.3012000000000	9.29651000000000e-07
486.891000000000	17.3260000000000	9.35427000000000e-07
487.315000000000	17.3510000000000	9.41256000000000e-07
487.739000000000	17.3761000000000	9.47139000000000e-07
488.162000000000	17.4014000000000	9.53076000000000e-07
488.586000000000	17.4269000000000	9.59067000000000e-07
489.010000000000	17.4525000000000	9.65115000000000e-07
489.433000000000	17.4782000000000	9.71218000000000e-07
489.857000000000	17.5042000000000	9.77379000000000e-07
490.281000000000	17.5303000000000	9.83597000000000e-07
490.704000000000	17.5566000000000	9.89873000000000e-07
491.128000000000	17.5830000000000	9.96209000000000e-07
491.552000000000	17.6096000000000	1.00260000000000e-06
491.975000000000	17.6364000000000	1.00906000000000e-06
492.399000000000	17.6633000000000	1.01558000000000e-06
492.823000000000	17.6904000000000	1.02216000000000e-06
493.246000000000	17.7177000000000	1.02880000000000e-06
493.670000000000	17.7452000000000	1.03551000000000e-06
494.094000000000	17.7729000000000	1.04228000000000e-06
494.517000000000	17.8007000000000	1.04912000000000e-06
494.941000000000	17.8287000000000	1.05602000000000e-06
495.365000000000	17.8569000000000	1.06299000000000e-06
495.788000000000	17.8853000000000	1.07003000000000e-06
496.212000000000	17.9139000000000	1.07714000000000e-06
496.636000000000	17.9427000000000	1.08431000000000e-06
497.059000000000	17.9716000000000	1.09156000000000e-06
497.483000000000	18.0008000000000	1.09888000000000e-06
497.906000000000	18.0301000000000	1.10627000000000e-06
498.330000000000	18.0597000000000	1.11374000000000e-06
498.754000000000	18.0894000000000	1.12128000000000e-06
499.177000000000	18.1194000000000	1.12890000000000e-06
499.601000000000	18.1495000000000	1.13659000000000e-06
500.025000000000	18.1799000000000	1.14436000000000e-06
500.448000000000	18.2104000000000	1.15221000000000e-06
500.872000000000	18.2412000000000	1.16014000000000e-06
501.296000000000	18.2722000000000	1.16815000000000e-06
501.719000000000	18.3034000000000	1.17624000000000e-06
502.143000000000	18.3348000000000	1.18442000000000e-06
502.567000000000	18.3665000000000	1.19268000000000e-06
502.990000000000	18.3983000000000	1.20102000000000e-06
503.414000000000	18.4304000000000	1.20945000000000e-06
503.838000000000	18.4627000000000	1.21797000000000e-06
504.261000000000	18.4952000000000	1.22658000000000e-06
504.685000000000	18.5280000000000	1.23528000000000e-06
505.109000000000	18.5610000000000	1.24407000000000e-06
505.532000000000	18.5942000000000	1.25295000000000e-06
505.956000000000	18.6277000000000	1.26193000000000e-06
506.380000000000	18.6614000000000	1.27100000000000e-06
506.803000000000	18.6954000000000	1.28017000000000e-06
507.227000000000	18.7296000000000	1.28944000000000e-06
507.651000000000	18.7640000000000	1.29881000000000e-06
508.074000000000	18.7987000000000	1.30827000000000e-06
508.498000000000	18.8337000000000	1.31784000000000e-06
508.922000000000	18.8689000000000	1.32752000000000e-06
509.345000000000	18.9044000000000	1.33730000000000e-06
509.769000000000	18.9401000000000	1.34719000000000e-06
510.193000000000	18.9761000000000	1.35718000000000e-06
510.616000000000	19.0123000000000	1.36729000000000e-06
511.040000000000	19.0489000000000	1.37751000000000e-06
511.464000000000	19.0857000000000	1.38784000000000e-06
511.887000000000	19.1228000000000	1.39829000000000e-06
512.311000000000	19.1601000000000	1.40885000000000e-06
512.735000000000	19.1978000000000	1.41953000000000e-06
513.158000000000	19.2357000000000	1.43034000000000e-06
513.582000000000	19.2739000000000	1.44126000000000e-06
514.006000000000	19.3124000000000	1.45231000000000e-06
514.429000000000	19.3512000000000	1.46349000000000e-06
514.853000000000	19.3904000000000	1.47479000000000e-06
515.277000000000	19.4298000000000	1.48622000000000e-06
515.700000000000	19.4695000000000	1.49779000000000e-06
516.124000000000	19.5095000000000	1.50949000000000e-06
516.548000000000	19.5498000000000	1.52133000000000e-06
516.971000000000	19.5905000000000	1.53330000000000e-06
517.395000000000	19.6315000000000	1.54541000000000e-06
517.819000000000	19.6728000000000	1.55767000000000e-06
518.242000000000	19.7144000000000	1.57007000000000e-06
518.666000000000	19.7564000000000	1.58262000000000e-06
519.090000000000	19.7987000000000	1.59532000000000e-06
519.513000000000	19.8413000000000	1.60817000000000e-06
519.937000000000	19.8843000000000	1.62117000000000e-06
520.360000000000	19.9276000000000	1.63433000000000e-06
520.784000000000	19.9713000000000	1.64765000000000e-06
521.208000000000	20.0153000000000	1.66114000000000e-06
521.631000000000	20.0597000000000	1.67478000000000e-06
522.055000000000	20.1045000000000	1.68860000000000e-06
522.479000000000	20.1496000000000	1.70258000000000e-06
522.902000000000	20.1951000000000	1.71674000000000e-06
523.326000000000	20.2410000000000	1.73107000000000e-06
523.750000000000	20.2873000000000	1.74558000000000e-06
524.173000000000	20.3340000000000	1.76027000000000e-06
524.597000000000	20.3810000000000	1.77515000000000e-06
525.021000000000	20.4285000000000	1.79021000000000e-06
525.444000000000	20.4763000000000	1.80547000000000e-06
525.868000000000	20.5246000000000	1.82092000000000e-06
526.292000000000	20.5733000000000	1.83656000000000e-06
526.715000000000	20.6224000000000	1.85241000000000e-06
527.139000000000	20.6719000000000	1.86846000000000e-06
527.563000000000	20.7218000000000	1.88472000000000e-06
527.986000000000	20.7722000000000	1.90119000000000e-06
528.410000000000	20.8231000000000	1.91788000000000e-06
528.834000000000	20.8743000000000	1.93478000000000e-06
529.257000000000	20.9261000000000	1.95191000000000e-06
529.681000000000	20.9783000000000	1.96926000000000e-06
530.105000000000	21.0309000000000	1.98684000000000e-06
530.528000000000	21.0840000000000	2.00466000000000e-06
530.952000000000	21.1376000000000	2.02272000000000e-06
531.376000000000	21.1917000000000	2.04102000000000e-06
531.799000000000	21.2463000000000	2.05957000000000e-06
532.223000000000	21.3014000000000	2.07837000000000e-06
532.647000000000	21.3570000000000	2.09742000000000e-06
533.070000000000	21.4130000000000	2.11674000000000e-06
533.494000000000	21.4697000000000	2.13632000000000e-06
533.918000000000	21.5268000000000	2.15618000000000e-06
534.341000000000	21.5844000000000	2.17631000000000e-06
534.765000000000	21.6427000000000	2.19672000000000e-06
535.189000000000	21.7014000000000	2.21742000000000e-06
535.612000000000	21.7607000000000	2.23841000000000e-06
536.036000000000	21.8206000000000	2.25970000000000e-06
536.460000000000	21.8810000000000	2.28129000000000e-06
536.883000000000	21.9420000000000	2.30319000000000e-06
537.307000000000	22.0036000000000	2.32540000000000e-06
537.731000000000	22.0658000000000	2.34793000000000e-06
538.154000000000	22.1286000000000	2.37079000000000e-06
538.578000000000	22.1921000000000	2.39399000000000e-06
539.002000000000	22.2561000000000	2.41752000000000e-06
539.425000000000	22.3208000000000	2.44141000000000e-06
539.849000000000	22.3861000000000	2.46564000000000e-06
540.273000000000	22.4520000000000	2.49023000000000e-06
540.696000000000	22.5187000000000	2.51520000000000e-06
541.120000000000	22.5859000000000	2.54053000000000e-06
541.543000000000	22.6539000000000	2.56625000000000e-06
541.967000000000	22.7226000000000	2.59236000000000e-06
542.391000000000	22.7919000000000	2.61887000000000e-06
542.814000000000	22.8620000000000	2.64578000000000e-06
543.238000000000	22.9328000000000	2.67311000000000e-06
543.662000000000	23.0043000000000	2.70086000000000e-06
544.085000000000	23.0766000000000	2.72905000000000e-06
544.509000000000	23.1496000000000	2.75767000000000e-06
544.933000000000	23.2234000000000	2.78675000000000e-06
545.356000000000	23.2980000000000	2.81628000000000e-06
545.780000000000	23.3733000000000	2.84628000000000e-06
546.204000000000	23.4495000000000	2.87677000000000e-06
546.627000000000	23.5265000000000	2.90774000000000e-06
547.051000000000	23.6043000000000	2.93921000000000e-06
547.475000000000	23.6830000000000	2.97120000000000e-06
547.898000000000	23.7625000000000	3.00370000000000e-06
548.322000000000	23.8429000000000	3.03674000000000e-06
548.746000000000	23.9242000000000	3.07033000000000e-06
549.169000000000	24.0064000000000	3.10447000000000e-06
549.593000000000	24.0895000000000	3.13918000000000e-06
550.017000000000	24.1735000000000	3.17448000000000e-06
550.440000000000	24.2585000000000	3.21037000000000e-06
550.864000000000	24.3444000000000	3.24687000000000e-06
551.288000000000	24.4313000000000	3.28400000000000e-06
551.711000000000	24.5193000000000	3.32176000000000e-06
552.135000000000	24.6082000000000	3.36017000000000e-06
552.559000000000	24.6982000000000	3.39925000000000e-06
552.982000000000	24.7892000000000	3.43901000000000e-06
553.406000000000	24.8813000000000	3.47947000000000e-06
553.830000000000	24.9744000000000	3.52065000000000e-06
554.253000000000	25.0687000000000	3.56256000000000e-06
554.677000000000	25.1641000000000	3.60522000000000e-06
555.101000000000	25.2606000000000	3.64864000000000e-06
555.524000000000	25.3584000000000	3.69286000000000e-06
555.948000000000	25.4573000000000	3.73787000000000e-06
556.372000000000	25.5574000000000	3.78372000000000e-06
556.795000000000	25.6587000000000	3.83040000000000e-06
557.219000000000	25.7613000000000	3.87796000000000e-06
557.643000000000	25.8652000000000	3.92640000000000e-06
558.066000000000	25.9703000000000	3.97575000000000e-06
558.490000000000	26.0768000000000	4.02603000000000e-06
558.914000000000	26.1847000000000	4.07727000000000e-06
559.337000000000	26.2939000000000	4.12950000000000e-06
559.761000000000	26.4045000000000	4.18272000000000e-06
560.185000000000	26.5166000000000	4.23698000000000e-06
560.608000000000	26.6301000000000	4.29230000000000e-06
561.032000000000	26.7451000000000	4.34871000000000e-06
561.456000000000	26.8617000000000	4.40623000000000e-06
561.879000000000	26.9797000000000	4.46489000000000e-06
562.303000000000	27.0994000000000	4.52474000000000e-06
562.726000000000	27.2206000000000	4.58578000000000e-06
563.150000000000	27.3435000000000	4.64807000000000e-06
563.574000000000	27.4681000000000	4.71164000000000e-06
563.997000000000	27.5944000000000	4.77651000000000e-06
564.421000000000	27.7224000000000	4.84272000000000e-06
564.845000000000	27.8522000000000	4.91032000000000e-06
565.268000000000	27.9838000000000	4.97934000000000e-06
565.692000000000	28.1173000000000	5.04982000000000e-06
566.116000000000	28.2527000000000	5.12180000000000e-06
566.539000000000	28.3900000000000	5.19533000000000e-06
566.963000000000	28.5293000000000	5.27045000000000e-06
567.387000000000	28.6706000000000	5.34721000000000e-06
567.810000000000	28.8140000000000	5.42565000000000e-06
568.234000000000	28.9595000000000	5.50582000000000e-06
568.658000000000	29.1071000000000	5.58778000000000e-06
569.081000000000	29.2570000000000	5.67158000000000e-06
569.505000000000	29.4091000000000	5.75728000000000e-06
569.929000000000	29.5635000000000	5.84492000000000e-06
570.352000000000	29.7203000000000	5.93458000000000e-06
570.776000000000	29.8795000000000	6.02631000000000e-06
571.200000000000	30.0411000000000	6.12018000000000e-06
571.623000000000	30.2053000000000	6.21626000000000e-06
572.047000000000	30.3721000000000	6.31461000000000e-06
572.471000000000	30.5415000000000	6.41531000000000e-06
572.894000000000	30.7137000000000	6.51843000000000e-06
573.318000000000	30.8886000000000	6.62405000000000e-06
573.742000000000	31.0664000000000	6.73225000000000e-06
574.165000000000	31.2470000000000	6.84312000000000e-06
574.589000000000	31.4307000000000	6.95675000000000e-06
575.013000000000	31.6174000000000	7.07322000000000e-06
575.436000000000	31.8073000000000	7.19264000000000e-06
575.860000000000	32.0004000000000	7.31510000000000e-06
576.284000000000	32.1968000000000	7.44072000000000e-06
576.707000000000	32.3965000000000	7.56958000000000e-06
577.131000000000	32.5998000000000	7.70182000000000e-06
577.555000000000	32.8066000000000	7.83755000000000e-06
577.978000000000	33.0171000000000	7.97689000000000e-06
578.402000000000	33.2313000000000	8.11998000000000e-06
578.826000000000	33.4494000000000	8.26694000000000e-06
579.249000000000	33.6715000000000	8.41792000000000e-06
579.673000000000	33.8976000000000	8.57307000000000e-06
580.097000000000	34.1279000000000	8.73254000000000e-06
580.520000000000	34.3626000000000	8.89650000000000e-06
580.944000000000	34.6016000000000	9.06511000000000e-06
581.368000000000	34.8452000000000	9.23855000000000e-06
581.791000000000	35.0935000000000	9.41701000000000e-06
582.215000000000	35.3466000000000	9.60068000000000e-06
582.639000000000	35.6047000000000	9.78977000000000e-06
583.062000000000	35.8679000000000	9.98450000000000e-06
583.486000000000	36.1363000000000	1.01851000000000e-05
583.909000000000	36.4102000000000	1.03918000000000e-05
584.333000000000	36.6896000000000	1.06048000000000e-05
584.757000000000	36.9748000000000	1.08244000000000e-05
585.180000000000	37.2659000000000	1.10510000000000e-05
585.604000000000	37.5632000000000	1.12847000000000e-05
586.028000000000	37.8668000000000	1.15258000000000e-05
586.451000000000	38.1769000000000	1.17748000000000e-05
586.875000000000	38.4937000000000	1.20320000000000e-05
587.299000000000	38.8175000000000	1.22976000000000e-05
587.722000000000	39.1485000000000	1.25722000000000e-05
588.146000000000	39.4869000000000	1.28560000000000e-05
588.570000000000	39.8330000000000	1.31495000000000e-05
588.993000000000	40.1871000000000	1.34532000000000e-05
589.417000000000	40.5494000000000	1.37675000000000e-05
589.841000000000	40.9202000000000	1.40930000000000e-05
590.264000000000	41.2998000000000	1.44301000000000e-05
590.688000000000	41.6885000000000	1.47794000000000e-05
591.112000000000	42.0867000000000	1.51416000000000e-05
591.535000000000	42.4947000000000	1.55173000000000e-05
591.959000000000	42.9130000000000	1.59071000000000e-05
592.383000000000	43.3417000000000	1.63117000000000e-05
592.806000000000	43.7815000000000	1.67320000000000e-05
593.230000000000	44.2327000000000	1.71687000000000e-05
593.654000000000	44.6957000000000	1.76227000000000e-05
594.077000000000	45.1711000000000	1.80950000000000e-05
594.501000000000	45.6592000000000	1.85865000000000e-05
594.925000000000	46.1608000000000	1.90983000000000e-05
595.348000000000	46.6762000000000	1.96315000000000e-05
595.772000000000	47.2061000000000	2.01873000000000e-05
596.196000000000	47.7511000000000	2.07670000000000e-05
596.619000000000	48.3119000000000	2.13721000000000e-05
597.043000000000	48.8892000000000	2.20040000000000e-05
597.467000000000	49.4837000000000	2.26643000000000e-05
597.890000000000	50.0961000000000	2.33548000000000e-05
598.314000000000	50.7273000000000	2.40773000000000e-05
598.738000000000	51.3782000000000	2.48338000000000e-05
599.161000000000	52.0498000000000	2.56266000000000e-05
599.585000000000	52.7429000000000	2.64579000000000e-05