Si (Silicon) - Dispersive & Lossless

frequency (THz), Re(eps)
176.349, 11.9933
176.772, 11.995
177.196, 11.9967
177.619, 11.9984
178.043, 12
178.467, 12.0017
178.89, 12.0034
179.314, 12.0051
179.738, 12.0068
180.161, 12.0085
180.585, 12.0102
181.009, 12.0119
181.432, 12.0137
181.856, 12.0154
182.28, 12.0171
182.703, 12.0189
183.127, 12.0206
183.551, 12.0223
183.974, 12.0241
184.398, 12.0259
184.822, 12.0276
185.245, 12.0294
185.669, 12.0312
186.093, 12.033
186.516, 12.0347
186.94, 12.0365
187.364, 12.0383
187.787, 12.0402
188.211, 12.042
188.635, 12.0438
189.058, 12.0456
189.482, 12.0474
189.906, 12.0493
190.329, 12.0511
190.753, 12.053
191.177, 12.0548
191.6, 12.0567
192.024, 12.0585
192.448, 12.0604
192.871, 12.0623
193.295, 12.0642
193.719, 12.066
194.142, 12.0679
194.566, 12.0698
194.99, 12.0717
195.413, 12.0736
195.837, 12.0756
196.261, 12.0775
196.684, 12.0794
197.108, 12.0813
197.532, 12.0833
197.955, 12.0852
198.379, 12.0872
198.802, 12.0891
199.226, 12.0911
199.65, 12.0931
200.073, 12.0951
200.497, 12.097
200.921, 12.099
201.344, 12.101
201.768, 12.103
202.192, 12.105
202.615, 12.107
203.039, 12.1091
203.463, 12.1111
203.886, 12.1131
204.31, 12.1152
204.734, 12.1172
205.157, 12.1193
205.581, 12.1213
206.005, 12.1234
206.428, 12.1254
206.852, 12.1275
207.276, 12.1296
207.699, 12.1317
208.123, 12.1338
208.547, 12.1359
208.97, 12.138
209.394, 12.1401
209.818, 12.1422
210.241, 12.1444
210.665, 12.1465
211.089, 12.1486
211.512, 12.1508
211.936, 12.1529
212.36, 12.1551
212.783, 12.1573
213.207, 12.1594
213.631, 12.1616
214.054, 12.1638
214.478, 12.166
214.902, 12.1682
215.325, 12.1704
215.749, 12.1726
216.173, 12.1748
216.596, 12.1771
217.02, 12.1793
217.444, 12.1815
217.867, 12.1838
218.291, 12.186
218.715, 12.1883
219.138, 12.1906
219.562, 12.1928
219.985, 12.1951
220.409, 12.1974
220.833, 12.1997
221.256, 12.202
221.68, 12.2043
222.104, 12.2066
222.527, 12.2089
222.951, 12.2113
223.375, 12.2136
223.798, 12.2159
224.222, 12.2183
224.646, 12.2207
225.069, 12.223
225.493, 12.2254
225.917, 12.2278
226.34, 12.2302
226.764, 12.2325
227.188, 12.2349
227.611, 12.2374
228.035, 12.2398
228.459, 12.2422
228.882, 12.2446
229.306, 12.2471
229.73, 12.2495
230.153, 12.2519
230.577, 12.2544
231.001, 12.2569
231.424, 12.2593
231.848, 12.2618
232.272, 12.2643
232.695, 12.2668
233.119, 12.2693
233.543, 12.2718
233.966, 12.2743
234.39, 12.2769
234.814, 12.2794
235.237, 12.2819
235.661, 12.2845
236.085, 12.287
236.508, 12.2896
236.932, 12.2922
237.356, 12.2948
237.779, 12.2973
238.203, 12.2999
238.627, 12.3025
239.05, 12.3051
239.474, 12.3078
239.898, 12.3104
240.321, 12.313
240.745, 12.3157
241.168, 12.3183
241.592, 12.321
242.016, 12.3236
242.439, 12.3263
242.863, 12.329
243.287, 12.3317
243.71, 12.3344
244.134, 12.3371
244.558, 12.3398
244.981, 12.3425
245.405, 12.3452
245.829, 12.348
246.252, 12.3507
246.676, 12.3535
247.1, 12.3562
247.523, 12.359
247.947, 12.3618
248.371, 12.3646
248.794, 12.3674
249.218, 12.3702
249.642, 12.373
250.065, 12.3758
250.489, 12.3786
250.913, 12.3815
251.336, 12.3843
251.76, 12.3872
252.184, 12.39
252.607, 12.3929
253.031, 12.3958
253.455, 12.3987
253.878, 12.4016
254.302, 12.4045
254.726, 12.4074
255.149, 12.4103
255.573, 12.4132
255.997, 12.4162
256.42, 12.4191
256.844, 12.4221
257.268, 12.425
257.691, 12.428
258.115, 12.431
258.539, 12.434
258.962, 12.437
259.386, 12.44
259.81, 12.443
260.233, 12.4461
260.657, 12.4491
261.081, 12.4521
261.504, 12.4552
261.928, 12.4583
262.351, 12.4613
262.775, 12.4644
263.199, 12.4675
263.622, 12.4706
264.046, 12.4737
264.47, 12.4769
264.893, 12.48
265.317, 12.4831
265.741, 12.4863
266.164, 12.4894
266.588, 12.4926
267.012, 12.4958
267.435, 12.499
267.859, 12.5022
268.283, 12.5054
268.706, 12.5086
269.13, 12.5118
269.554, 12.5151
269.977, 12.5183
270.401, 12.5216
270.825, 12.5248
271.248, 12.5281
271.672, 12.5314
272.096, 12.5347
272.519, 12.538
272.943, 12.5413
273.367, 12.5446
273.79, 12.5479
274.214, 12.5513
274.638, 12.5546
275.061, 12.558
275.485, 12.5614
275.909, 12.5648
276.332, 12.5682
276.756, 12.5716
277.18, 12.575
277.603, 12.5784
278.027, 12.5819
278.451, 12.5853
278.874, 12.5888
279.298, 12.5922
279.722, 12.5957
280.145, 12.5992
280.569, 12.6027
280.993, 12.6062
281.416, 12.6097
281.84, 12.6133
282.264, 12.6168
282.687, 12.6203
283.111, 12.6239
283.535, 12.6275
283.958, 12.6311
284.382, 12.6347
284.805, 12.6383
285.229, 12.6419
285.653, 12.6455
286.076, 12.6492
286.5, 12.6528
286.924, 12.6565
287.347, 12.6601
287.771, 12.6638
288.195, 12.6675
288.618, 12.6712
289.042, 12.675
289.466, 12.6787
289.889, 12.6824
290.313, 12.6862
290.737, 12.6899
291.16, 12.6937
291.584, 12.6975
292.008, 12.7013
292.431, 12.7051
292.855, 12.7089
293.279, 12.7128
293.702, 12.7166
294.126, 12.7205
294.55, 12.7244
294.973, 12.7282
295.397, 12.7321
295.821, 12.736
296.244, 12.7399
296.668, 12.7439
297.092, 12.7478
297.515, 12.7518
297.939, 12.7557
298.363, 12.7597
298.786, 12.7637
299.21, 12.7677
299.634, 12.7717
300.057, 12.7758
300.481, 12.7798
300.905, 12.7839
301.328, 12.7879
301.752, 12.792
302.176, 12.7961
302.599, 12.8002
303.023, 12.8043
303.447, 12.8084
303.87, 12.8126
304.294, 12.8167
304.718, 12.8209
305.141, 12.8251
305.565, 12.8293
305.988, 12.8335
306.412, 12.8377
306.836, 12.8419
307.259, 12.8462
307.683, 12.8505
308.107, 12.8547
308.53, 12.859
308.954, 12.8633
309.378, 12.8676
309.801, 12.872
310.225, 12.8763
310.649, 12.8807
311.072, 12.885
311.496, 12.8894
311.92, 12.8938
312.343, 12.8982
312.767, 12.9026
313.191, 12.9071
313.614, 12.9115
314.038, 12.916
314.462, 12.9205
314.885, 12.925
315.309, 12.9295
315.733, 12.934
316.156, 12.9385
316.58, 12.9431
317.004, 12.9477
317.427, 12.9522
317.851, 12.9568
318.275, 12.9614
318.698, 12.9661
319.122, 12.9707
319.546, 12.9754
319.969, 12.98
320.393, 12.9847
320.817, 12.9894
321.24, 12.9941
321.664, 12.9989
322.088, 13.0036
322.511, 13.0084
322.935, 13.0131
323.359, 13.0179
323.782, 13.0227
324.206, 13.0276
324.63, 13.0324
325.053, 13.0373
325.477, 13.0421
325.901, 13.047
326.324, 13.0519
326.748, 13.0568
327.171, 13.0618
327.595, 13.0667
328.019, 13.0717
328.442, 13.0766
328.866, 13.0816
329.29, 13.0867
329.713, 13.0917
330.137, 13.0967
330.561, 13.1018
330.984, 13.1069
331.408, 13.112
331.832, 13.1171
332.255, 13.1222
332.679, 13.1274
333.103, 13.1325
333.526, 13.1377
333.95, 13.1429
334.374, 13.1481
334.797, 13.1533
335.221, 13.1586
335.645, 13.1639
336.068, 13.1691
336.492, 13.1744
336.916, 13.1798
337.339, 13.1851
337.763, 13.1904
338.187, 13.1958
338.61, 13.2012
339.034, 13.2066
339.458, 13.212
339.881, 13.2175
340.305, 13.2229
340.729, 13.2284
341.152, 13.2339
341.576, 13.2394
342, 13.245
342.423, 13.2505
342.847, 13.2561
343.271, 13.2617
343.694, 13.2673
344.118, 13.2729
344.542, 13.2786
344.965, 13.2842
345.389, 13.2899
345.813, 13.2956
346.236, 13.3013
346.66, 13.3071
347.084, 13.3128
347.507, 13.3186
347.931, 13.3244
348.354, 13.3303
348.778, 13.3361
349.202, 13.342
349.625, 13.3478
350.049, 13.3537
350.473, 13.3597
350.896, 13.3656
351.32, 13.3716
351.744, 13.3775
352.167, 13.3836
352.591, 13.3896
353.015, 13.3956
353.438, 13.4017
353.862, 13.4078
354.286, 13.4139
354.709, 13.42
355.133, 13.4262
355.557, 13.4323
355.98, 13.4385
356.404, 13.4447
356.828, 13.451
357.251, 13.4572
357.675, 13.4635
358.099, 13.4698
358.522, 13.4761
358.946, 13.4825
359.37, 13.4888
359.793, 13.4952
360.217, 13.5016
360.641, 13.5081
361.064, 13.5145
361.488, 13.521
361.912, 13.5275
362.335, 13.534
362.759, 13.5406
363.183, 13.5472
363.606, 13.5538
364.03, 13.5604
364.454, 13.567
364.877, 13.5737
365.301, 13.5804
365.725, 13.5871
366.148, 13.5938
366.572, 13.6006
366.996, 13.6074
367.419, 13.6142
367.843, 13.621
368.267, 13.6279
368.69, 13.6348
369.114, 13.6417
369.537, 13.6486
369.961, 13.6556
370.385, 13.6625
370.808, 13.6695
371.232, 13.6766
371.656, 13.6836
372.079, 13.6907
372.503, 13.6978
372.927, 13.705
373.35, 13.7121
373.774, 13.7193
374.198, 13.7265
374.621, 13.7338
375.045, 13.741
375.469, 13.7483
375.892, 13.7557
376.316, 13.763
376.74, 13.7704
377.163, 13.7778
377.587, 13.7852
378.011, 13.7927
378.434, 13.8002
378.858, 13.8077
379.282, 13.8152
379.705, 13.8228
380.129, 13.8304
380.553, 13.838
380.976, 13.8456
381.4, 13.8533
381.824, 13.861
382.247, 13.8688
382.671, 13.8765
383.095, 13.8843
383.518, 13.8922
383.942, 13.9
384.366, 13.9079
384.789, 13.9158
385.213, 13.9238
385.637, 13.9318
386.06, 13.9398
386.484, 13.9478
386.908, 13.9559
387.331, 13.964
387.755, 13.9721
388.179, 13.9802
388.602, 13.9884
389.026, 13.9967
389.45, 14.0049
389.873, 14.0132
390.297, 14.0215
390.721, 14.0299
391.144, 14.0383
391.568, 14.0467
391.991, 14.0551
392.415, 14.0636
392.839, 14.0721
393.262, 14.0807
393.686, 14.0892
394.11, 14.0978
394.533, 14.1065
394.957, 14.1152
395.381, 14.1239
395.804, 14.1326
396.228, 14.1414
396.652, 14.1502
397.075, 14.1591
397.499, 14.168
397.923, 14.1769
398.346, 14.1858
398.77, 14.1948
399.194, 14.2039
399.617, 14.2129
400.041, 14.222
400.465, 14.2312
400.888, 14.2403
401.312, 14.2496
401.736, 14.2588
402.159, 14.2681
402.583, 14.2774
403.007, 14.2868
403.43, 14.2962
403.854, 14.3056
404.278, 14.3151
404.701, 14.3246
405.125, 14.3341
405.549, 14.3437
405.972, 14.3534
406.396, 14.363
406.82, 14.3727
407.243, 14.3825
407.667, 14.3923
408.091, 14.4021
408.514, 14.412
408.938, 14.4219
409.362, 14.4318
409.785, 14.4418
410.209, 14.4518
410.633, 14.4619
411.056, 14.472
411.48, 14.4822
411.904, 14.4924
412.327, 14.5026
412.751, 14.5129
413.174, 14.5232
413.598, 14.5336
414.022, 14.544
414.445, 14.5545
414.869, 14.565
415.293, 14.5755
415.716, 14.5861
416.14, 14.5968
416.564, 14.6075
416.987, 14.6182
417.411, 14.629
417.835, 14.6398
418.258, 14.6506
418.682, 14.6616
419.106, 14.6725
419.529, 14.6835
419.953, 14.6946
420.377, 14.7057
420.8, 14.7168
421.224, 14.728
421.648, 14.7393
422.071, 14.7506
422.495, 14.7619
422.919, 14.7733
423.342, 14.7848
423.766, 14.7963
424.19, 14.8078
424.613, 14.8194
425.037, 14.831
425.461, 14.8427
425.884, 14.8545
426.308, 14.8663
426.732, 14.8782
427.155, 14.8901
427.579, 14.902
428.003, 14.914
428.426, 14.9261
428.85, 14.9382
429.274, 14.9504
429.697, 14.9626
430.121, 14.9749
430.545, 14.9873
430.968, 14.9997
431.392, 15.0121
431.816, 15.0246
432.239, 15.0372
432.663, 15.0498
433.087, 15.0625
433.51, 15.0753
433.934, 15.0881
434.357, 15.1009
434.781, 15.1138
435.205, 15.1268
435.628, 15.1399
436.052, 15.153
436.476, 15.1661
436.899, 15.1793
437.323, 15.1926
437.747, 15.206
438.17, 15.2194
438.594, 15.2329
439.018, 15.2464
439.441, 15.26
439.865, 15.2736
440.289, 15.2874
440.712, 15.3012
441.136, 15.315
441.56, 15.3289
441.983, 15.3429
442.407, 15.357
442.831, 15.3711
443.254, 15.3853
443.678, 15.3996
444.102, 15.4139
444.525, 15.4283
444.949, 15.4428
445.373, 15.4573
445.796, 15.4719
446.22, 15.4866
446.644, 15.5013
447.067, 15.5162
447.491, 15.5311
447.915, 15.546
448.338, 15.5611
448.762, 15.5762
449.186, 15.5914
449.609, 15.6067
450.033, 15.622
450.457, 15.6374
450.88, 15.6529
451.304, 15.6685
451.728, 15.6841
452.151, 15.6999
452.575, 15.7157
452.999, 15.7316
453.422, 15.7476
453.846, 15.7636
454.27, 15.7797
454.693, 15.796
455.117, 15.8123
455.54, 15.8286
455.964, 15.8451
456.388, 15.8617
456.811, 15.8783
457.235, 15.895
457.659, 15.9118
458.082, 15.9287
458.506, 15.9457
458.93, 15.9628
459.353, 15.98
459.777, 15.9972
460.201, 16.0145
460.624, 16.032
461.048, 16.0495
461.472, 16.0671
461.895, 16.0848
462.319, 16.1027
462.743, 16.1206
463.166, 16.1386
463.59, 16.1566
464.014, 16.1748
464.437, 16.1931
464.861, 16.2115
465.285, 16.23
465.708, 16.2486
466.132, 16.2673
466.556, 16.2861
466.979, 16.305
467.403, 16.324
467.827, 16.3431
468.25, 16.3623
468.674, 16.3816
469.098, 16.401
469.521, 16.4205
469.945, 16.4402
470.369, 16.4599
470.792, 16.4798
471.216, 16.4997
471.64, 16.5198
472.063, 16.54
472.487, 16.5603
472.911, 16.5807
473.334, 16.6013
473.758, 16.6219
474.182, 16.6427
474.605, 16.6636
475.029, 16.6846
475.453, 16.7057
475.876, 16.727
476.3, 16.7484
476.723, 16.7699
477.147, 16.7915
477.571, 16.8132
477.994, 16.8351
478.418, 16.8571
478.842, 16.8793
479.265, 16.9015
479.689, 16.9239
480.113, 16.9465
480.536, 16.9691
480.96, 16.9919
481.384, 17.0149
481.807, 17.0379
482.231, 17.0612
482.655, 17.0845
483.078, 17.108
483.502, 17.1316
483.926, 17.1554
484.349, 17.1793
484.773, 17.2034
485.197, 17.2276
485.62, 17.252
486.044, 17.2765
486.468, 17.3012
486.891, 17.326
487.315, 17.351
487.739, 17.3761
488.162, 17.4014
488.586, 17.4269
489.01, 17.4525
489.433, 17.4782
489.857, 17.5042
490.281, 17.5303
490.704, 17.5566
491.128, 17.583
491.552, 17.6096
491.975, 17.6364
492.399, 17.6633
492.823, 17.6904
493.246, 17.7177
493.67, 17.7452
494.094, 17.7729
494.517, 17.8007
494.941, 17.8287
495.365, 17.8569
495.788, 17.8853
496.212, 17.9139
496.636, 17.9427
497.059, 17.9716
497.483, 18.0008
497.906, 18.0301
498.33, 18.0597
498.754, 18.0894
499.177, 18.1194
499.601, 18.1495
500.025, 18.1799
500.448, 18.2104
500.872, 18.2412
501.296, 18.2722
501.719, 18.3034
502.143, 18.3348
502.567, 18.3665
502.99, 18.3983
503.414, 18.4304
503.838, 18.4627
504.261, 18.4952
504.685, 18.528
505.109, 18.561
505.532, 18.5942
505.956, 18.6277
506.38, 18.6614
506.803, 18.6954
507.227, 18.7296
507.651, 18.764
508.074, 18.7987
508.498, 18.8337
508.922, 18.8689
509.345, 18.9044
509.769, 18.9401
510.193, 18.9761
510.616, 19.0123
511.04, 19.0489
511.464, 19.0857
511.887, 19.1228
512.311, 19.1601
512.735, 19.1978
513.158, 19.2357
513.582, 19.2739
514.006, 19.3124
514.429, 19.3512
514.853, 19.3904
515.277, 19.4298
515.7, 19.4695
516.124, 19.5095
516.548, 19.5498
516.971, 19.5905
517.395, 19.6315
517.819, 19.6728
518.242, 19.7144
518.666, 19.7564
519.09, 19.7987
519.513, 19.8413
519.937, 19.8843
520.36, 19.9276
520.784, 19.9713
521.208, 20.0153
521.631, 20.0597
522.055, 20.1045
522.479, 20.1496
522.902, 20.1951
523.326, 20.241
523.75, 20.2873
524.173, 20.334
524.597, 20.381
525.021, 20.4285
525.444, 20.4763
525.868, 20.5246
526.292, 20.5733
526.715, 20.6224
527.139, 20.6719
527.563, 20.7218
527.986, 20.7722
528.41, 20.8231
528.834, 20.8743
529.257, 20.9261
529.681, 20.9783
530.105, 21.0309
530.528, 21.084
530.952, 21.1376
531.376, 21.1917
531.799, 21.2463
532.223, 21.3014
532.647, 21.357
533.07, 21.413
533.494, 21.4697
533.918, 21.5268
534.341, 21.5844
534.765, 21.6427
535.189, 21.7014
535.612, 21.7607
536.036, 21.8206
536.46, 21.881
536.883, 21.942
537.307, 22.0036
537.731, 22.0658
538.154, 22.1286
538.578, 22.1921
539.002, 22.2561
539.425, 22.3208
539.849, 22.3861
540.273, 22.452
540.696, 22.5187
541.12, 22.5859
541.543, 22.6539
541.967, 22.7226
542.391, 22.7919
542.814, 22.862
543.238, 22.9328
543.662, 23.0043
544.085, 23.0766
544.509, 23.1496
544.933, 23.2234
545.356, 23.298
545.78, 23.3733
546.204, 23.4495
546.627, 23.5265
547.051, 23.6043
547.475, 23.683
547.898, 23.7625
548.322, 23.8429
548.746, 23.9242
549.169, 24.0064
549.593, 24.0895
550.017, 24.1735
550.44, 24.2585
550.864, 24.3444
551.288, 24.4313
551.711, 24.5193
552.135, 24.6082
552.559, 24.6982
552.982, 24.7892
553.406, 24.8813
553.83, 24.9744
554.253, 25.0687
554.677, 25.1641
555.101, 25.2606
555.524, 25.3584
555.948, 25.4573
556.372, 25.5574
556.795, 25.6587
557.219, 25.7613
557.643, 25.8652
558.066, 25.9703
558.49, 26.0768
558.914, 26.1847
559.337, 26.2939
559.761, 26.4045
560.185, 26.5166
560.608, 26.6301
561.032, 26.7451
561.456, 26.8617
561.879, 26.9797
562.303, 27.0994
562.726, 27.2206
563.15, 27.3435
563.574, 27.4681
563.997, 27.5944
564.421, 27.7224
564.845, 27.8522
565.268, 27.9838
565.692, 28.1173
566.116, 28.2527
566.539, 28.39
566.963, 28.5293
567.387, 28.6706
567.81, 28.814
568.234, 28.9595
568.658, 29.1071
569.081, 29.257
569.505, 29.4091
569.929, 29.5635
570.352, 29.7203
570.776, 29.8795
571.2, 30.0411
571.623, 30.2053
572.047, 30.3721
572.471, 30.5415
572.894, 30.7137
573.318, 30.8886
573.742, 31.0664
574.165, 31.247
574.589, 31.4307
575.013, 31.6174
575.436, 31.8073
575.86, 32.0004
576.284, 32.1968
576.707, 32.3965
577.131, 32.5998
577.555, 32.8066
577.978, 33.0171
578.402, 33.2313
578.826, 33.4494
579.249, 33.6715
579.673, 33.8976
580.097, 34.1279
580.52, 34.3626
580.944, 34.6016
581.368, 34.8452
581.791, 35.0935
582.215, 35.3466
582.639, 35.6047
583.062, 35.8679
583.486, 36.1363
583.909, 36.4102
584.333, 36.6896
584.757, 36.9748
585.18, 37.2659
585.604, 37.5632
586.028, 37.8668
586.451, 38.1769
586.875, 38.4937
587.299, 38.8175
587.722, 39.1485
588.146, 39.4869
588.57, 39.833
588.993, 40.1871
589.417, 40.5494
589.841, 40.9202
590.264, 41.2998
590.688, 41.6885
591.112, 42.0867
591.535, 42.4947
591.959, 42.913
592.383, 43.3417
592.806, 43.7815
593.23, 44.2327
593.654, 44.6957
594.077, 45.1711
594.501, 45.6592
594.925, 46.1608
595.348, 46.6762
595.772, 47.2061
596.196, 47.7511
596.619, 48.3119
597.043, 48.8892
597.467, 49.4837
597.89, 50.0961
598.314, 50.7273
598.738, 51.3782
599.161, 52.0498
599.585, 52.7429


