181692398787879	13.0692850407157	7.230293228e-07
181802582171013	13.0699112928353	7.230466456e-07
181912899271845	13.0705375671895	7.230639686e-07
182023350333940	13.0711894681	7.23082e-07
182133935601458	13.071839396742	7.230999764e-07
182244655319149	13.07246325869	7.231172314e-07
182355509732360	13.0731228294674	7.231354736e-07
182466499087036	13.073790414965	7.23153937e-07
182577623629720	13.074445246286	7.231720472e-07
182688883607556	13.0750665886274	7.231892308e-07
182800279268293	13.0757165268657	7.232072048e-07
182911810860281	13.0763714064212	7.23225315e-07
183023478632479	13.0769878620159	7.232423622e-07
183135282834453	13.0776427734068	7.232604724e-07
183247223716381	13.0782977011966	7.232785826e-07
183359301529052	13.0789799860147	7.232974488e-07
183471516523868	13.0796349472871	7.23315559e-07
183583868952848	13.0802899249584	7.233336692e-07
183696359068627	13.080978815315	7.233527166e-07
183808987124464	13.0816338266329	7.233708268e-07
183921753374233	13.0822888543497	7.23388937e-07
184034658072437	13.0829717858221	7.234078182e-07
184147701474202	13.0836294369	7.23426e-07
184260883835280	13.0842871045068	7.234441818e-07
184374205412054	13.0849645174685	7.23462909e-07
184487666461538	13.0856222258637	7.23481091e-07
184601267241379	13.0862799435532	7.234992728e-07
184715008009858	13.0869668427764	7.235182608e-07
184828889025894	13.0876531956678	7.235372332e-07
184942910549044	13.0883395665567	7.235562056e-07
185057072839506	13.0890228078914	7.23575091e-07
185171376158122	13.0896806110354	7.235932728e-07
185285820766378	13.0903384307082	7.236114546e-07
185400406926407	13.0910288736816	7.236305376e-07
185515134900990	13.0917153258445	7.236495098e-07
185630004953560	13.0924018032413	7.236684822e-07
185745017348203	13.0930894420619	7.236874862e-07
185860172349659	13.0937759482468	7.237064584e-07
185975470223325	13.0944624796661	7.237254308e-07
186090911235258	13.0951570409349	7.237446246e-07
186206495652174	13.0958436013218	7.237635968e-07
186322223741454	13.0965302665599	7.237825714e-07
186438095771144	13.0972179341699	7.238015732e-07
186554112009956	13.0979045485788	7.238205454e-07
186670272727273	13.0985914053753	7.238395238e-07
186786578193146	13.0992978677991	7.238590434e-07
186903028678304	13.1000131588772	7.238788064e-07
187019624454148	13.100725096117	7.238984762e-07
187136365792759	13.1014329118905	7.239180316e-07
187253252966896	13.1021482540184	7.239377944e-07
187370286250000	13.1028589606281	7.239574286e-07
187487465916198	13.1035463817016	7.23976419e-07
187604792240300	13.104233169211	7.239953914e-07
187722265497808	13.1049556324496	7.240153488e-07
187839885964912	13.1056756466429	7.24035238e-07
187957653918495	13.1063652196337	7.240542858e-07
188075569636136	13.1070974587195	7.240745116e-07
188193633396108	13.1078319267484	7.240947984e-07
188311845477387	13.1085474435467	7.241145612e-07
188430206159648	13.1092495616678	7.241339534e-07
188548715723270	13.1099605115395	7.24153589e-07
188667374449339	13.1106760864312	7.241733518e-07
188786182619647	13.1113823604875	7.241928572e-07
188905140516698	13.1121233288777	7.242133202e-07
189024248423707	13.1128675917415	7.242338736e-07
189143506624606	13.1135829417791	7.24253628e-07
189262915404040	13.1142977753661	7.242733676e-07
189382475047378	13.1150134686158	7.242931304e-07
189502185840708	13.1157835773485	7.243143952e-07
189622048070841	13.1164993183826	7.243341582e-07
189742062025316	13.1172150717018	7.24353921e-07
189862227992400	13.1179795152625	7.243750276e-07
189982546261090	13.1187239443082	7.24395581e-07
190103017121116	13.119468394476	7.244161344e-07
190223640862944	13.1201825118862	7.244358498e-07
190344417777778	13.120927003437	7.244564032e-07
190465348157560	13.1216715161099	7.244769566e-07
190586432294978	13.1223890189168	7.244967638e-07
190707670483461	13.1231591630312	7.245180236e-07
190829063017186	13.1239293297446	7.245392834e-07
190950610191083	13.1246540674134	7.245592886e-07
191072312300829	13.1253986785728	7.245798418e-07
191194169642857	13.1261433180999	7.246003952e-07
191316182514359	13.1269226373919	7.246219052e-07
191438351213282	13.1276673128999	7.246424584e-07
191560676038339	13.1284120167762	7.246630118e-07
191683157289003	13.1291977009216	7.246846956e-07
191805795265515	13.1299710958179	7.247060396e-07
191928590268886	13.1307445062453	7.247273834e-07
192051542600897	13.1314744690578	7.247475276e-07
192174652564103	13.1322448797317	7.247687874e-07
192297920461835	13.1330153130044	7.247900472e-07
192421346598203	13.1338091730437	7.248119528e-07
192544931278099	13.1345796522009	7.248332126e-07
192668674807198	13.135350153957	7.248544724e-07
192792577491961	13.1360793024379	7.248745906e-07
192916639639640	13.1368498481785	7.248958504e-07
193040861558274	13.137620416518	7.249171102e-07
193165243556701	13.1384144157268	7.249390158e-07
193289785944552	13.1391850299507	7.249602756e-07
193414489032258	13.1399556667735	7.249815354e-07
193539353131052	13.1407665856314	7.250039058e-07
193664378552972	13.141562680977	7.250258666e-07
193789565610860	13.1423588004365	7.250478274e-07
193914914618370	13.143102623026	7.25068345e-07
194040425889968	13.1438987891284	7.250903058e-07
194166099740933	13.1446949793447	7.251122666e-07
194291936487362	13.1455113886709	7.251347844e-07
194417936446174	13.1463076204749	7.25156745e-07
194544099935107	13.1471038836441	7.251787058e-07
194670427272727	13.1479203677734	7.252012236e-07
194796918778428	13.1487166797819	7.252231844e-07
194923574772432	13.1495130086518	7.25245145e-07
195050395575797	13.1503295675844	7.252676628e-07
195177381510417	13.1511259525457	7.252896236e-07
195304532899023	13.1519223616209	7.253115844e-07
195431850065189	13.1527375591955	7.253340626e-07
195559333333333	13.1535309052894	7.253559376e-07
195686983028721	13.154324275309	7.253778126e-07
195814799477466	13.1551540335659	7.254006902e-07
195942783006536	13.1559790084342	7.254234352e-07
196070933943754	13.1568040164237	7.254461804e-07
196199252617801	13.1576354344078	7.254691016e-07
196327739358219	13.1584572658933	7.254917578e-07
196456394495413	13.1592791230441	7.25514414e-07
196585218360656	13.1601103652899	7.255373282e-07
196714211286089	13.1609322740632	7.255599844e-07
196843373604728	13.1617542085017	7.255826406e-07
196972705650460	13.1625855216593	7.256055546e-07
197102207758054	13.1634075149765	7.25628211e-07
197231880263158	13.1642295267028	7.256508672e-07
197361723502304	13.165075663723	7.256741876e-07
197491737812912	13.165926073266	7.25697625e-07
197621923533289	13.1667765175318	7.257210626e-07
197752281002639	13.1676074231992	7.25743961e-07
197882810561056	13.1684263726754	7.257665292e-07
198013512549538	13.1692453403598	7.257890972e-07
198144387309980	13.1700985120034	7.25812607e-07
198275435185185	13.1709457812022	7.258359534e-07
198406656518862	13.1717930703951	7.258592996e-07
198538051655629	13.1726611180567	7.25883217e-07
198669620941021	13.1735333174733	7.25907248e-07
198801364721485	13.1744055457644	7.25931279e-07
198933283344393	13.1752589498772	7.259547906e-07
199065377158035	13.1761031036288	7.259780466e-07
199197646511628	13.1769472771624	7.260013024e-07
199330091755319	13.1778153929974	7.26025217e-07
199462713240186	13.1786877630341	7.26049248e-07
199595511318242	13.1795601619453	7.26073279e-07
199728486342438	13.1804360532153	7.260974054e-07
199861638666667	13.1813051407867	7.261213436e-07
199994968645764	13.18217425701	7.261452818e-07
200128476635514	13.1830501334747	7.261694054e-07
200262162992652	13.1839193072237	7.261933436e-07
200396028074866	13.1847885096245	7.262172818e-07
200530072240803	13.185680174278	7.262418378e-07
200664295850067	13.1865774758586	7.262665482e-07
200798699263228	13.1874748079693	7.262912586e-07
200933282841823	13.1883430090402	7.26315166e-07
201068046948357	13.1892123572515	7.263391042e-07
201202991946309	13.1900817341146	7.263630424e-07
201338118200134	13.1909713985703	7.263875384e-07
201473426075269	13.1918654297089	7.264121538e-07
201608915938130	13.1927594911433	7.264367692e-07
201744588156124	13.193674541293	7.264619616e-07
201880443097643	13.194596604718	7.264873462e-07
202016481132075	13.1955187003618	7.265127308e-07
202152702629804	13.1964109311981	7.265372924e-07
202289107962213	13.1973051393838	7.265619076e-07
202425697501688	13.1981993851307	7.26586523e-07
202562471621622	13.1991124368121	7.266116552e-07
202699430696416	13.2000311587769	7.266369426e-07
202836575101488	13.2009499054477	7.266622298e-07
202973905213270	13.2018626598518	7.266873512e-07
203111421409214	13.2027779675025	7.26712542e-07
203249124067797	13.2036933068821	7.267377328e-07
203387013568521	13.2046150589697	7.267630992e-07
203525090291921	13.2055304620281	7.2678829e-07
203663354619565	13.2064459040834	7.26813481e-07
203801806934058	13.2073818965318	7.268392366e-07
203940447619048	13.208325139918	7.268651908e-07
204079277059224	13.2092684169853	7.26891145e-07
204218295640327	13.2101978581589	7.269167176e-07
204357503749148	13.2111412020931	7.269426718e-07
204496901773533	13.2120845797082	7.26968626e-07
204636490102389	13.213021826091	7.269944106e-07
204776269125683	13.213961686638	7.270202662e-07
204916239234450	13.21490157334	7.270461216e-07
205056400820793	13.2158461830819	7.27072106e-07
205196754277892	13.2167825812921	7.270978636e-07
205337300000000	13.217719012675	7.271236212e-07
205478038382454	13.2186755829186	7.271499318e-07
205618969821674	13.2196396267886	7.27176447e-07
205760094715168	13.2206037058114	7.272029622e-07
205901413461538	13.2215650637873	7.272294016e-07
206042926460481	13.2225292057426	7.272559166e-07
206184634112792	13.223493390123	7.272824318e-07
206326536820372	13.2244548531554	7.273088712e-07
206468634986226	13.2254191077409	7.273353864e-07
206610929014473	13.2263833974792	7.273619016e-07
206753419310345	13.2273542470452	7.273885962e-07
206896106280193	13.2283424156342	7.27415766e-07
207038990331492	13.2293306211331	7.274429358e-07
207182071872840	13.2303169430209	7.274700528e-07
207325351313970	13.2313052222678	7.274972226e-07
207468829065744	13.2322935384247	7.275243924e-07
207612505540166	13.2332786684383	7.275514736e-07
207756381150381	13.2342633476438	7.275785414e-07
207900456310680	13.2352480562065	7.27605609e-07
208044731436502	13.2362511304755	7.276331804e-07
208189206944444	13.237263273025	7.27661e-07
208333883252258	13.238275454271	7.276888196e-07
208478760778860	13.2392687972507	7.277161204e-07
208623839944328	13.2402536920101	7.27743188e-07
208769121169916	13.2412386234022	7.277702556e-07
208914604878049	13.2422384457747	7.277977314e-07
209060291492329	13.2432432551049	7.278253432e-07
209206181437544	13.2442481098343	7.278529552e-07
209352275139665	13.2452720149321	7.278810896e-07
209498573025856	13.2463041049125	7.279094478e-07
209645075524476	13.2473362351023	7.27937806e-07
209791783065080	13.2483711208155	7.279662388e-07
209938696078431	13.2494033315298	7.27994597e-07
210085814996496	13.2504355824535	7.280229552e-07
210233140252454	13.2514705892182	7.28051388e-07
210380672280702	13.2525029206664	7.280797462e-07
210528411516854	13.253535292324	7.281081044e-07
210676358397751	13.2545698085055	7.281365204e-07
210824513361463	13.2555984232352	7.281647732e-07
210972876847291	13.2566270778759	7.28193026e-07
211121449295775	13.2576731332286	7.282217556e-07
211270231148696	13.2587250267254	7.282506444e-07
211419222849083	13.259776969233	7.282795334e-07
211568424841214	13.260835420849	7.283086e-07
211717837570621	13.2618874397872	7.283374888e-07
211867461484099	13.2629395077373	7.283663778e-07
212017297029703	13.2640083777965	7.28395727e-07
212167344656759	13.2650566400815	7.284245092e-07
212317604815864	13.2661049510719	7.284532916e-07
212468077958894	13.2671721128973	7.284825904e-07
212618764539007	13.2682473895568	7.285121108e-07
212769665010646	13.2693227025035	7.28541631e-07
212920779829545	13.2704069038776	7.28571394e-07
213072109452736	13.2714828726356	7.286009298e-07
213223654338549	13.2725583239664	7.286304502e-07
213375414946619	13.2736508330856	7.286604376e-07
213527391737892	13.2747257601515	7.286899412e-07
213679585174626	13.2757973859185	7.28719353e-07
213831995720399	13.2768844606915	7.287491876e-07
213984623840114	13.2779829197737	7.287793334e-07
214137470000000	13.2790774449949	7.2880937e-07
214290534667620	13.2801799742535	7.28839625e-07
214443818311874	13.2812842402585	7.288699264e-07
214597321403006	13.2823829323521	7.289000736e-07
214751044412607	13.283487289941	7.28930375e-07
214904987813620	13.2845900022499	7.2896063e-07
215059152080344	13.2856847997478	7.289906666e-07
215213537688442	13.2867869325636	7.290209032e-07
215368145114943	13.2879172743524	7.290519124e-07
215522974838246	13.2890348250726	7.290825694e-07
215678027338130	13.2901547559479	7.291132904e-07
215833303095752	13.2912881575567	7.291443796e-07
215988802593660	13.2924058427235	7.291750364e-07
216144526315789	13.2935235821744	7.292056934e-07
216300474747475	13.294686136475	7.292375782e-07
216456648375451	13.2958264259715	7.29268851e-07
216613047687861	13.2969667570744	7.293001236e-07
216769673174259	13.2980567549109	7.293300146e-07
216926525325615	13.299197181651	7.293612872e-07
217083604634323	13.3003376645838	7.2939256e-07
217240911594203	13.3015163890753	7.2942488e-07
217398446700508	13.3026834944834	7.2945688e-07
217556210449927	13.3038506510913	7.2948888e-07
217714203340596	13.3049572138977	7.295192174e-07
217872425872093	13.3061202388488	7.295511014e-07
218030878545455	13.3072833219252	7.295829856e-07
218189561863173	13.3084739404381	7.296156232e-07
218348476329206	13.3096371190793	7.296475072e-07
218507622448980	13.3108003558468	7.296793914e-07
218667000729395	13.311989285511	7.297119784e-07
218826611678832	13.3131484144374	7.297437472e-07
218986455807158	13.3143076011244	7.297755162e-07
219146533625731	13.3155157573021	7.298086258e-07
219306845647403	13.316697132025	7.29841e-07
219467392386530	13.3178785591523	7.298733742e-07
219628174358974	13.3191045410747	7.299069678e-07
219789192082111	13.3202818340376	7.299392258e-07
219950446074835	13.3214591790293	7.299714838e-07
220111936857562	13.3226910051846	7.30005233e-07
220273664952241	13.3238946211959	7.300382078e-07
220435630882353	13.3250982988748	7.300711828e-07
220597835172921	13.3262861000532	7.301037214e-07
220760278350515	13.3275116584328	7.301372928e-07
220922960943257	13.3287372731644	7.301708642e-07
221085883480826	13.3299363502156	7.302037072e-07
221249046494465	13.3311620764283	7.302372786e-07
221412450516987	13.332387858993	7.3027085e-07
221576096082779	13.3335899630266	7.303037714e-07
221739983727811	13.3348419448668	7.303380572e-07
221904113989637	13.336093978179	7.303723428e-07
222068487407407	13.3373124642786	7.304057082e-07
222233104521868	13.33856015788	7.304398718e-07
222397965875371	13.3398079171437	7.304740356e-07
222563072011878	13.3410367634746	7.3050768e-07
222728423476969	13.3422794663318	7.305417022e-07
222894020817844	13.3435229649461	7.305757446e-07
223059864583333	13.3447621232341	7.306096666e-07
223225955323902	13.3460280294808	7.306443192e-07
223392293591654	13.3472976199356	7.30679071e-07
223558879940343	13.3485562077698	7.3071352e-07
223725714925373	13.3498341247715	7.307484964e-07
223892799103809	13.3511298098301	7.307839574e-07
224060133034380	13.3524224517805	7.308193334e-07
224227717277487	13.3536783870288	7.308537032e-07
224395552395210	13.3549438536524	7.308883322e-07
224563638951311	13.3562093802344	7.309229612e-07
224731977511244	13.3575110468658	7.309585774e-07
224900568642161	13.3588237199082	7.30994493e-07
225069412912913	13.3601364501368	7.310304084e-07
225238510894065	13.3614224805364	7.310655916e-07
225407863157895	13.3627095963701	7.311008028e-07
225577470278405	13.3639967741952	7.31136014e-07
225747332831325	13.3652930951599	7.311714736e-07
225917451394122	13.3666015439108	7.312072632e-07
226087826546003	13.3679100493941	7.312430526e-07
226258458867925	13.3692368423965	7.312793404e-07
226429348942598	13.37057113872	7.313158316e-07
226600497354497	13.3719055016239	7.313523228e-07
226771904689864	13.3732367568809	7.313887272e-07
226943571536715	13.3745665936089	7.31425091e-07
227115498484848	13.3758964891387	7.314614546e-07
227287686125853	13.3772397494176	7.314981818e-07
227460135053111	13.3785697778396	7.315345454e-07
227632845861807	13.3798998723771	7.31570909e-07
227805819148936	13.3812500132323	7.316078188e-07
227979055513308	13.3826011001779	7.316447526e-07
228152555555556	13.3839522553287	7.316816864e-07
228326319878142	13.3853310937598	7.31719375e-07
228500349085366	13.3867031027441	7.31756875e-07
228674643783371	13.388075182041	7.31794375e-07
228849204580153	13.389392444316	7.31830375e-07
229024032085562	13.3907646614254	7.31867875e-07
229199126911315	13.3921369488473	7.31905375e-07
229374489671002	13.3935433858636	7.319438062e-07
229550120980092	13.3949363989787	7.319818686e-07
229726021455939	13.3963294772109	7.320199308e-07
229902191717791	13.397678045585	7.32056775e-07
230078632386800	13.3990966041866	7.320955294e-07
230255344086022	13.4005152378835	7.321342838e-07
230432327440430	13.401899790825	7.321721052e-07
230609583076923	13.4033028084091	7.32210429e-07
230787111624326	13.4047216647492	7.322491834e-07
230964913713405	13.4061306663618	7.322876666e-07
231142989976870	13.4075372740833	7.323260824e-07
231321341049383	13.4089717708115	7.323652578e-07
231499967567568	13.4104063369513	7.32404433e-07
231678870170015	13.4118168165221	7.324429484e-07
231858049497293	13.413251542164	7.324821238e-07
232037506191950	13.4146863372162	7.32521299e-07
232217240898528	13.4161113633922	7.325602054e-07
232397254263566	13.4175664945081	7.325999316e-07
232577546935609	13.4190216972061	7.326396576e-07
232758119565217	13.4204639297952	7.326790274e-07
232938972804973	13.4219192896012	7.327187534e-07
233120107309487	13.423374728315	7.327584794e-07
233301523735409	13.4248161981986	7.32797822e-07
233483222741433	13.4262968863357	7.328382328e-07
233665204988309	13.4277776634532	7.328786438e-07
233847471138846	13.4292391291919	7.329185256e-07
234030021857924	13.4307150111289	7.329587986e-07
234212857812500	13.4321909741615	7.329990716e-07
234395979671618	13.4336600177651	7.330391536e-07
234579388106416	13.4351611626171	7.330801092e-07
234763083790133	13.4366623913371	7.331210648e-07
234947067398119	13.4381642024754	7.33162034e-07
235131339607843	13.4396854321076	7.332035306e-07
235315901098901	13.4412067478382	7.332450272e-07
235500752553024	13.4427149285144	7.332861632e-07
235685894654088	13.4442114752315	7.333269796e-07
235871328088120	13.4457081052474	7.33367796e-07
236057053543307	13.4472052366052	7.334086238e-07
236243071710008	13.4487466783468	7.334506576e-07
236429383280757	13.4502882157653	7.334926916e-07
236615988950276	13.451849324216	7.335352568e-07
236802889415482	13.4533858237027	7.335771486e-07
236990085375494	13.4549224182716	7.336190406e-07
237177577531646	13.456461573025	7.33661e-07
237365366587490	13.4580238687648	7.337035878e-07
237553453248811	13.459585514107	7.337461554e-07
237741838223632	13.4611472500493	7.33788723e-07
237930522222222	13.4626736252252	7.338303244e-07
238119505957109	13.4642603305488	7.338735676e-07
238308790143084	13.4658471293711	7.339168108e-07
238498375497216	13.4673890373179	7.339588282e-07
238688262738854	13.4689953981489	7.340025994e-07
238878452589641	13.4706018474353	7.340463704e-07
239068945773525	13.4721588635005	7.34088792e-07
239259743016760	13.4737601128912	7.341324162e-07
239450845047923	13.4753614500938	7.341760402e-07
239642252597922	13.4769445122793	7.342191638e-07
239833966400000	13.4785652470171	7.34263311e-07
240025987189752	13.4801860792036	7.343074582e-07
240218315705128	13.481775571265	7.343507492e-07
240410952686447	13.4833965964592	7.343948964e-07
240603898876404	13.4850177117577	7.344390434e-07
240797155020080	13.486695097837	7.3448472e-07
240990721864952	13.4883110126209	7.3452872e-07
241184600160901	13.4899270242049	7.3457272e-07
241378790660225	13.4916087559803	7.346185066e-07
241573294117647	13.493249458754	7.346631734e-07
241768111290323	13.4948902539366	7.3470784e-07
241963242937853	13.4965184156166	7.3475216e-07
242158689822294	13.4981839076731	7.347974934e-07
242354452708165	13.4998494951369	7.348428266e-07
242550532362460	13.5015686411734	7.348896146e-07
242746929554656	13.5032289107345	7.349347974e-07
242943645056726	13.50488927502	7.3497998e-07
243140679643147	13.5065478523643	7.350251112e-07
243338034090909	13.5082557445474	7.350715814e-07
243535709179529	13.5099652663989	7.35118093e-07
243733705691057	13.5116748964168	7.351646046e-07
243932024410090	13.5133728197612	7.352107948e-07
244130666123778	13.5150770038839	7.352571524e-07
244329631621842	13.516781295458	7.3530351e-07
244528921696574	13.5185153952809	7.353506754e-07
244728537142857	13.5202442599908	7.353976954e-07
244928478758170	13.5219732278902	7.354447152e-07
245128747342600	13.5236937893398	7.354915034e-07
245329343698854	13.5254229777809	7.355385232e-07
245530268632269	13.5271522767651	7.35585543e-07
245731522950820	13.5289148854103	7.356334654e-07
245933107465135	13.5306872610249	7.356816502e-07
246135022988506	13.5324597527282	7.35729835e-07
246337270336894	13.5341791123173	7.357765724e-07
246539850328947	13.5359459976213	7.358245986e-07
246742763786008	13.5377130056098	7.35872625e-07
246946011532125	13.5395123254726	7.359215264e-07
247149594394064	13.5413037722652	7.359702106e-07
247353513201320	13.5430953375653	7.360188948e-07
247557768786127	13.5449088089821	7.36068171e-07
247762361983471	13.5467006127384	7.361168552e-07
247967293631100	13.5484925350023	7.361655394e-07
248172564569536	13.5503261498229	7.36215353e-07
248378175642088	13.5521306590018	7.362643726e-07
248584127694859	13.5539352883268	7.363133922e-07
248790421576763	13.5557980337634	7.36363987e-07
248997058139535	13.557626973229	7.364136602e-07
249204038237739	13.559456036066	7.364633334e-07
249411362728785	13.5612852222743	7.365130066e-07
249619032472939	13.5631191059085	7.36562804e-07
249827048333333	13.5649726116744	7.366131308e-07
250035411175980	13.5668262440797	7.366634576e-07
250244121869783	13.5686757080832	7.367136678e-07
250453181286550	13.5705475484182	7.36764482e-07
250662590301003	13.5724195252255	7.368152964e-07
250872349790795	13.574292846967	7.368661438e-07
251082460636516	13.5761952809422	7.369177778e-07
251292923721710	13.5780978482209	7.369694118e-07
251503739932886	13.5799754532481	7.370203648e-07
251714910159530	13.5818720866009	7.370718306e-07
251926435294118	13.58376885239	7.371232964e-07
252138316232128	13.585683612366	7.371752468e-07
252350553872054	13.5876223565945	7.372278442e-07
252563149115417	13.5895612391473	7.372804416e-07
252776102866779	13.5914964258928	7.37332935e-07
252989416033755	13.5934355848208	7.373855324e-07
253203089527027	13.595374882073	7.374381298e-07
253417124260355	13.5972605325041	7.374892686e-07
253631521150592	13.5992176929482	7.37542343e-07
253846281117697	13.601174994237	7.375954174e-07
254061405084746	13.6031505825293	7.376489838e-07
254276893977947	13.605132046239	7.377027056e-07
254492748726655	13.6071136468727	7.377564272e-07
254708970263381	13.6091294122542	7.37811071e-07
254925559523810	13.6111049140577	7.378646194e-07
255142517446808	13.6130805592327	7.379181678e-07
255359844974446	13.6150563477793	7.379717162e-07
255577543052003	13.6170641476471	7.380261282e-07
255795612627986	13.6190748707311	7.380806154e-07
256014054654142	13.6210857422578	7.381351026e-07
256232870085470	13.6231404778499	7.381907742e-07
256452059880240	13.6251646278436	7.38245613e-07
256671625000000	13.6271889208191	7.383004516e-07
256891566409597	13.6292580863748	7.383565016e-07
257111885077187	13.6312999179251	7.38411807e-07
257332581974249	13.6333419097945	7.384671126e-07
257553658075601	13.6354503001408	7.385242122e-07
257775114359415	13.6375163481838	7.385801608e-07
257996951807229	13.6395825527392	7.386361094e-07
258219171403962	13.6416354105194	7.386916924e-07
258441774137931	13.6437189773775	7.387481026e-07
258664761000863	13.6458027033411	7.388045128e-07
258888132987910	13.6478745819229	7.38860598e-07
259111891097666	13.6499890907462	7.389178328e-07
259336036332180	13.6521037633606	7.389750676e-07
259560569696970	13.6542742193938	7.390338076e-07
259785492201040	13.6564061343062	7.390915e-07
260010804856895	13.6585382156393	7.391491924e-07
260236508680556	13.6606712986968	7.392069074e-07
260462604691573	13.6628205164259	7.392650544e-07
260689093913044	13.6649698958154	7.393232012e-07
260915977371628	13.6671194516512	7.393813482e-07
261143256097561	13.669275513538	7.394396666e-07
261370931124673	13.6714323001	7.39498e-07
261599003490401	13.6735892568013	7.395563334e-07
261827474235808	13.6758174976845	7.396165898e-07
262056344405594	13.6779985068647	7.396755642e-07
262285615048119	13.6801796825465	7.397345384e-07
262515287215412	13.6823705236786	7.397937692e-07
262745361963190	13.6845994799131	7.398540256e-07
262975840350877	13.6868286176894	7.39914282e-07
263206723441615	13.6890356415836	7.399739358e-07
263438012302285	13.691265148028	7.400341924e-07
263669708003518	13.6934948286144	7.400944488e-07
263901811619718	13.6957858942034	7.40156359e-07
264134324229075	13.6980396668086	7.402172564e-07
264367246913580	13.7002936248384	7.402781538e-07
264600580759047	13.7025316363097	7.403386154e-07
264834326855124	13.7048096936766	7.404001538e-07
265068486295314	13.7070879477968	7.404616924e-07
265303060176991	13.7094209752887	7.405247052e-07
265538049601417	13.7117233410383	7.405868846e-07
265773455673759	13.7140259075084	7.406490642e-07
266009279503106	13.7162826025	7.4071e-07
266245522202487	13.7186167752985	7.407730226e-07
266482184888889	13.720951139281	7.40836045e-07
266719268683274	13.7232857092637	7.408990676e-07
266956774710597	13.7256685959591	7.40963389e-07
267194704099822	13.7280273912288	7.410270546e-07
267433057983943	13.7303863891639	7.410907202e-07
267671837500000	13.7326922118774	7.411529454e-07
267911043789097	13.7350754406825	7.41217254e-07
268150677996422	13.7374588836802	7.412815628e-07
268390741271262	13.7398689846925	7.413465852e-07
268631234767025	13.7422528361329	7.414108938e-07
268872159641256	13.7446369017678	7.414752026e-07
269113517055655	13.7470457265679	7.415401736e-07
269355308176101	13.7494778931039	7.416057684e-07
269597534172662	13.7519102821904	7.416713634e-07
269840196219622	13.7543465802624	7.41737058e-07
270083295495495	13.7567872482191	7.418028646e-07
270326833183048	13.7592281252826	7.41868671e-07
270570810469314	13.7616777511181	7.419347074e-07
270815228545619	13.7641589297031	7.420015884e-07
271060088607595	13.7666403319415	7.420684694e-07
271305391855204	13.7691217203499	7.42135344e-07
271551139492754	13.7716035698738	7.42202225e-07
271797332728921	13.7740856504737	7.422691062e-07
272043972776770	13.776567947305	7.423359872e-07
272291060853769	13.7791461933817	7.42405447e-07
272538598181818	13.7816528166392	7.42472971e-07
272786585987261	13.7841596752965	7.425404952e-07
273035025500911	13.7867025779378	7.42608984e-07
273283917958067	13.7892576499444	7.426777942e-07
273533264598540	13.7918129661207	7.427466046e-07
273783066666667	13.79438116919	7.428157556e-07
274033325411335	13.7969608437743	7.42885209e-07
274284042086002	13.7995407595474	7.429546624e-07
274535217948718	13.8021075049273	7.430237548e-07
274786854262145	13.8047201966739	7.430940774e-07
275038952293578	13.807333135684	7.431644e-07
275291513314968	13.8099904329735	7.432359096e-07
275544538602941	13.812603870684	7.433062322e-07
275798029438822	13.8152175556579	7.433765548e-07
276051987108656	13.8178852094188	7.434483226e-07
276306412903226	13.8205473584305	7.435199354e-07
276561308118081	13.8232097712977	7.435915484e-07
276816674053555	13.825814866244	7.43661613e-07
277072512014787	13.8285017718161	7.43733871e-07
277328823311748	13.8311889384491	7.43806129e-07
277585609259259	13.833876366143	7.43878387e-07
277842871177016	13.8366271791821	7.43952342e-07
278100610389610	13.839339137373	7.440252452e-07
278358828226555	13.8420513613077	7.440981484e-07
278617526022305	13.8448020269875	7.441720776e-07
278876705116279	13.8475476520277	7.44245864e-07
279136366852886	13.8502935492894	7.443196504e-07
279396512581547	13.8530606809	7.44394e-07
279657143656716	13.8558222820512	7.444681936e-07
279918261437908	13.8585841509914	7.44542387e-07
280179867289720	13.8613796912385	7.446174774e-07
280441962581852	13.8641901615206	7.446929612e-07
280704548689139	13.8670009241406	7.447684452e-07
280967626991565	13.8698310024213	7.448444402e-07
281231198874296	13.8726755378542	7.449208156e-07
281495265727700	13.8755203649473	7.44997191e-07
281759828947368	13.8783749088826	7.450738194e-07
282024889934149	13.8812351785608	7.451505936e-07
282290450094162	13.8840957429529	7.452273678e-07
282556510838831	13.8869633321561	7.453043226e-07
282823073584906	13.8898485326739	7.45381742e-07
283090139754485	13.8927340254252	7.454591612e-07
283357710775047	13.8956198253185	7.455365806e-07
283625788079470	13.8985530701132	7.456152646e-07
283894373106061	13.9014875789547	7.456939742e-07
284163467298578	13.9044223975564	7.457726838e-07
284433072106262	13.9073774998255	7.45851929e-07
284703188983856	13.9103370037879	7.459312838e-07
284973819391635	13.9132968300696	7.460106388e-07
285244964795433	13.9162860836589	7.460907742e-07
285516626666667	13.9192946782353	7.461714194e-07
285788806482364	13.9223035979941	7.462520646e-07
286061505725191	13.9253219855125	7.463329548e-07
286334725883477	13.9283556359371	7.464142452e-07
286608468451243	13.9313896093033	7.464955354e-07
286882734928230	13.9343976709112	7.465761226e-07
287157526819923	13.9374563894083	7.46658058e-07
287432845637584	13.9405154510432	7.467399936e-07
287708692898273	13.9435770066657	7.46821987e-07
287985070124880	13.9466849301644	7.46905213e-07
288261978846154	13.9497931925215	7.469884388e-07
288539420596728	13.952899388164	7.470716e-07
288817396917148	13.9560183323675	7.471550932e-07
289095909353906	13.9591416676878	7.472386946e-07
289374959459459	13.9622653449946	7.473222958e-07
289654548792271	13.9654298662402	7.474069806e-07
289934678916828	13.9686125587937	7.47492142e-07
290215351403679	13.9717956064946	7.475773032e-07
290496567829457	13.9749763252323	7.476623924e-07
290778329776916	13.9781706336346	7.477478354e-07
291060638834951	13.9813653070623	7.478332784e-07
291343496598640	13.9845912719715	7.479195484e-07
291626904669261	13.987848531584	7.480066452e-07
291910864654333	13.9911061704891	7.48093742e-07
292195378167641	13.9943640839415	7.48180836e-07
292480446829268	13.9976601268046	7.48268939e-07
292766072265625	14.0009565502912	7.483570418e-07
293052256109482	14.0042427788705	7.484448618e-07
293339000000000	14.0075640501521	7.485336078e-07
293626305582762	14.0108857077401	7.486223536e-07
293914174509804	14.0141921185484	7.487106816e-07
294202608439647	14.0175386507521	7.488000708e-07
294491609037328	14.0208855749884	7.488894598e-07
294781177974435	14.0242328987443	7.489788488e-07
295071316929134	14.0276389145707	7.490697942e-07
295362027586207	14.0310352227907	7.491604694e-07
295653311637081	14.0344319421102	7.492511446e-07
295945170779862	14.0379013616278	7.493437492e-07
296237606719368	14.0413230137154	7.494350676e-07
296530621167161	14.0447450752603	7.495263858e-07
296824215841584	14.0482483101871	7.496198586e-07
297118392467790	14.0517194294381	7.49712463e-07
297413152777778	14.055190984966	7.498050676e-07
297708498510427	14.0586541054854	7.498974358e-07
298004431411531	14.0621634620135	7.499910256e-07
298300953233831	14.0656732564941	7.500846154e-07
298598065737052	14.0692762486153	7.501806782e-07
298895770687936	14.072820805477	7.50275171e-07
299194069860279	14.0763658087831	7.503696638e-07
299492965034965	14.0799112585337	7.504641566e-07
299792458000000	14.0835108422401	7.5056008e-07
300092550550551	14.0871347794022	7.5065664e-07
300393244488978	14.0907364574658	7.507525946e-07
300694541624875	14.0944002631524	7.508501918e-07
300996443775100	14.0980463946975	7.509473056e-07
301298952763819	14.1016909023832	7.510443636e-07
301602070422535	14.1053812125029	7.511426286e-07
301905798590131	14.109076002025	7.51241e-07
302210139112903	14.1127687584069	7.513393044e-07
302515093844601	14.116514268025	7.51439e-07
302820664646465	14.1201990618433	7.515370666e-07
303126853387260	14.1239838381487	7.516377808e-07
303433661943320	14.127712929225	7.51737e-07
303741092198582	14.1315383718043	7.518387692e-07
304049146044625	14.1352772501324	7.519382222e-07
304357825380711	14.139141642025	7.52041e-07
304667132113821	14.1429227207387	7.521415484e-07
304977068158698	14.1467419170813	7.522430968e-07
305287635437882	14.150574975625	7.52345e-07
305598835881753	14.1544703368644	7.524485454e-07
305910671428571	14.1583628176	7.52552e-07
306223144024515	14.1622712553928	7.526558644e-07
306536255623722	14.1661631825735	7.527592758e-07
306850008188332	14.1700892146172	7.52863579e-07
307164403688525	14.1740695601063	7.529693104e-07
307479444102564	14.1780058599521	7.530738572e-07
307795131416838	14.1819562484506	7.531787636e-07
308111467625899	14.1859279853865	7.532842222e-07
308428454732510	14.1899653186038	7.533914074e-07
308746094747683	14.1939760400383	7.53497871e-07
309064389690722	14.198035950791	7.53605625e-07
309383341589267	14.2020814205863	7.537129804e-07
309702952479339	14.2061724546739	7.538215294e-07
310023224405377	14.2102034695314	7.539284706e-07
310344159420290	14.2143584920748	7.540386858e-07
310665759585492	14.2184823044634	7.541480572e-07
310988026970954	14.2225716948062	7.542565e-07
311310963655244	14.2267644102882	7.543676666e-07
311634571725572	14.2309536015823	7.544787234e-07
311958853277836	14.2350921276818	7.54588421e-07
312283810416667	14.2393235400949	7.547005642e-07
312609445255474	14.2435521091747	7.548126154e-07
312935759916493	14.2477973255339	7.54925091e-07
313262756530826	14.2520685965574	7.5503824e-07
313590437238494	14.256321432598	7.551508838e-07
313918804188482	14.2606208457873	7.552647442e-07
314247859538784	14.2649444221317	7.553792272e-07
314577605456453	14.269219161444	7.554924e-07
314908044117647	14.2735692404251	7.5560755e-07
315239177707676	14.27795941602	7.557237436e-07
315571008421053	14.2823220814051	7.558391914e-07
315903538461538	14.2867529351482	7.559564256e-07
316236770042194	14.2911699897165	7.560732766e-07
316570705385428	14.2955871069167	7.561901112e-07
316905346723044	14.3000615767687	7.563084444e-07
317240696296296	14.304537593956	7.564268e-07
317576756355932	14.3089883998858	7.565444706e-07
317913529162248	14.3135577031054	7.56665255e-07
318251016985138	14.31806803298	7.567844616e-07
318589222104145	14.3225727078062	7.569035e-07
318928146808511	14.327171265625	7.57025e-07
319267793397231	14.3317390112789	7.571456666e-07
319608164179104	14.3363802356233	7.572682546e-07
319949261472785	14.3409737762549	7.573895636e-07
320291087606838	14.3456513335465	7.575130714e-07
320633644919786	14.3503155463573	7.576362068e-07
320976935760171	14.3549897619499	7.577595862e-07
321320962486602	14.3597142133089	7.578842712e-07
321665727467811	14.3644481666697	7.580091864e-07
322011233082707	14.3691983206727	7.581345084e-07
322357481720430	14.3739379997996	7.582595334e-07
322704475780409	14.3787816616449	7.5838728e-07
323052217672414	14.383556864356	7.585132e-07
323400709816613	14.3884071838299	7.586410794e-07
323749954643628	14.3932544664148	7.587688572e-07
324099954594595	14.398116415225	7.58897e-07
324450712121212	14.4030473000608	7.590269376e-07
324802229685807	14.4079244609412	7.591554376e-07
325154509761388	14.4128301233468	7.592846666e-07
325507554831705	14.4178652657601	7.594172836e-07
325861367391304	14.4227678880962	7.59546388e-07
326215949945593	14.4277960752182	7.596787762e-07
326571305010893	14.4327909623861	7.598102648e-07
326927435114504	14.4378621687319	7.599437392e-07
327284342794760	14.4429134777442	7.600766666e-07
327642030601093	14.4480168780047	7.602109412e-07
328000501094092	14.4531118883317	7.603449714e-07
328359756845564	14.4582607566695	7.604803944e-07
328719800438596	14.4634428377424	7.606166666e-07
329080634467618	14.4686408569803	7.607533334e-07
329442261538462	14.473823123796	7.608895616e-07
329804684268427	14.4790686770382	7.610274286e-07
330167905286344	14.4843419889	7.61166e-07
330531927232635	14.4895955229343	7.613040266e-07
330896752759382	14.4949081000082	7.61443579e-07
331262384530387	14.5002435539649	7.615837066e-07
331628825221239	14.5055532303628	7.617231316e-07
331996077519380	14.5109099562112	7.618637662e-07
332364144124168	14.5163510724656	7.620065898e-07
332733027746948	14.5217711825394	7.621488354e-07
333102731111111	14.5272312421582	7.622921026e-07
333473256952169	14.5326582167131	7.62434475e-07
333844608017817	14.5381511230026	7.6257855e-07
334216787068004	14.5437153979105	7.627244692e-07
334589796875000	14.5492367274797	7.628692346e-07
334963640223464	14.5548580145728	7.630165926e-07
335338319910515	14.5604620409294	7.631634698e-07
335713838745801	14.5660962051709	7.633111084e-07
336090199551570	14.5717544546568	7.634593494e-07
336467405162738	14.5774103514062	7.636075e-07
336845458426966	14.5831379701562	7.637575e-07
337224362204724	14.5888256004336	7.639064236e-07
337604119369369	14.594564156074	7.640566512e-07
337984732807215	14.6003653435653	7.642084884e-07
338366205417607	14.6061605140845	7.64360138e-07
338748540112994	14.6120721613144	7.645148046e-07
339131739819004	14.6178698685766	7.646664598e-07
339515807474519	14.6238346765092	7.648224546e-07
339900746031746	14.629756003504	7.649772808e-07
340286558456300	14.6357318205562	7.651335e-07
340673247727273	14.6416717719141	7.6528875e-07
341060816837315	14.6476894729	7.65446e-07
341449268792711	14.6537318377329	7.65603862e-07
341838606613455	14.6597596126381	7.657613104e-07
342228833333333	14.66586521136	7.659207586e-07
342619952000000	14.672079072225	7.66083e-07
343011965675057	14.6781718647687	7.66242047e-07
343404877434135	14.6843736706374	7.664039058e-07
343798690366972	14.6905767940852	7.665657648e-07
344193407577497	14.696856987904	7.667296e-07
344589032183908	14.7030780159916	7.668918572e-07
344985567318757	14.7094466457031	7.670579286e-07
345383016129032	14.7157741348766	7.672228916e-07
345781381776240	14.7221538702224	7.673891808e-07
346180667436490	14.7285479291611	7.675558072e-07
346580876300578	14.7349885261086	7.677236098e-07
346982011574074	14.7414474015208	7.678918518e-07
347384076477404	14.7479406189562	7.680609512e-07
347787074245940	14.7545186806587	7.682322222e-07
348191008130081	14.7610920695058	7.684033334e-07
348595881395349	14.7676796191575	7.68574775e-07
349001697322468	14.774338148535	7.68748025e-07
349408459207459	14.7809587715016	7.6892025e-07
349816170361727	14.7877008562101	7.69095595e-07
350224834112150	14.7944319929474	7.692706154e-07
350634453801170	14.8011905069818	7.694463076e-07
351045032786885	14.8079505721	7.69622e-07
351456574443142	14.814759546299	7.69798923e-07
351869082159624	14.8216740094075	7.699785454e-07
352282559341951	14.8286016303995	7.701584676e-07
352697009411765	14.8355624846958	7.703392106e-07
353112435806832	14.8425467704111	7.705205194e-07
353528841981132	14.8495281680441	7.707017106e-07
353946231404959	14.8566059565582	7.7088536e-07
354364607565012	14.8636546349471	7.710682106e-07
354783973964497	14.8708285937176	7.712542666e-07
355204334123223	14.878030412025	7.71441e-07
355625691577699	14.8852390433952	7.716278648e-07
356048049881235	14.8924462948385	7.718146486e-07
356471412604043	14.8996751156947	7.72001946e-07
356895783333333	14.907048090325	7.721929316e-07
357321165673421	14.9143858838399	7.72382959e-07
357747563245823	14.9217731043122	7.725742192e-07
358174979689367	14.9291812102106	7.727659726e-07
358603418660287	14.9367048027679	7.729606666e-07
359032883832335	14.9442511426202	7.731559e-07
359463378896882	14.951794230025	7.73351e-07
359894907563025	14.9594127076	7.73548e-07
360327473557692	14.9669944384	7.73744e-07
360761080625752	14.9747154337073	7.739435492e-07
361195732530120	14.9823959041	7.74142e-07
361631433051870	14.9901748266041	7.743429428e-07
362068185990338	14.9979747908125	7.745443768e-07
362505995163241	15.0058394530578	7.747474286e-07
362944864406780	15.0137403521404	7.749513624e-07
363384797575758	15.0216683604477	7.75155942e-07
363825798543689	15.0296557761	7.75362e-07
364267871202916	15.0376430656	7.75568e-07
364711019464720	15.0457876321	7.75778e-07
365155247259440	15.0538841894584	7.759867058e-07
365600558536585	15.0620605521255	7.761974118e-07
366046957264957	15.070268164557	7.764088656e-07
366494447432763	15.0785363135677	7.766218208e-07
366943033047736	15.0868067378426	7.768347762e-07
367392718137255	15.0951571267203	7.770497314e-07
367843506748466	15.1035608689	7.77266e-07
368295402948403	15.1120130544187	7.774834546e-07
368748410824108	15.1204771155463	7.777011538e-07
369202534482759	15.1290227307845	7.779208888e-07
369657778051788	15.137650239584	7.781426666e-07
370114145679012	15.1462820757277	7.783644924e-07
370571641532756	15.1549915759516	7.7858825e-07
371030269801980	15.1637104720356	7.788121846e-07
371490034696406	15.1725051361	7.79038e-07
371950940446650	15.181426432225	7.79267e-07
372412991304348	15.1902322102159	7.794929688e-07
372876191542289	15.1992403761252	7.797240634e-07
373340545454545	15.2082401759066	7.79954875e-07
373806057356608	15.2173081126411	7.80187365e-07
374272731585518	15.2263714004014	7.804196666e-07
374740572500000	15.235641597796	7.806572e-07
375209584480601	15.2448599537141	7.808933334e-07
375679771929825	15.254133167716	7.811308e-07
376151139272271	15.2634643190045	7.813696774e-07
376623690954774	15.2728787588559	7.81610613e-07
377097431446541	15.2823515814417	7.818529678e-07
377572365239295	15.2918153669429	7.820950164e-07
378048496847415	15.3014058712645	7.823402296e-07
378525830808081	15.3109993742359	7.825854426e-07
379004371681416	15.3207319242915	7.828341312e-07
379484124050633	15.3304970888845	7.830835738e-07
379965092522180	15.3403404471196	7.833349334e-07
380447281725888	15.350189315196	7.83586353e-07
380930696315121	15.3600763814316	7.838386666e-07
381415340966921	15.3700665711737	7.840935294e-07
381901220382166	15.3802291773945	7.843527058e-07
382388339285714	15.3902520685915	7.846082352e-07
382876702426564	15.4005333848189	7.848702666e-07
383366314578005	15.4108104240708	7.851321016e-07
383857180537772	15.4211053581608	7.85394305e-07
384349305128205	15.4315728506653	7.856608136e-07
384842693196406	15.4420185798029	7.85926678e-07
385337349614396	15.4525144801112	7.861937288e-07
385833279279279	15.4631283764811	7.864636896e-07
386330487113402	15.4738396955859	7.867360344e-07
386828978064516	15.4845547311453	7.870083794e-07
387328757105943	15.4953543055121	7.872827778e-07
387829829236740	15.5062622796259	7.875598334e-07
388332199481865	15.5172506853268	7.878388334e-07
388835872892348	15.5282845720837	7.881188888e-07
389340854545455	15.5393746512858	7.884002702e-07
389847149544863	15.5505932696658	7.886848108e-07
390354763020833	15.5619204196	7.88972e-07
390863700130378	15.5733335397015	7.892612632e-07
391373966057441	15.5846750782865	7.895486072e-07
391885566013072	15.5962402255865	7.898415088e-07
392398505235602	15.6077624045506	7.901332142e-07
392912788990826	15.619529144025	7.90431e-07
393428422572178	15.631229713225	7.90727e-07
393945411300920	15.643171971025	7.91029e-07
394463760526316	15.6550622643027	7.913295714e-07
394983475625823	15.6670967977704	7.916336728e-07
395504562005277	15.6791830754542	7.919389642e-07
396027025099075	15.691363426094	7.922465128e-07
396550870370370	15.7037243980562	7.925585e-07
397076103311258	15.7160907442562	7.928705e-07
397602729442971	15.728561105625	7.93185e-07
398130754316069	15.7410860062641	7.9350075e-07
398660183510638	15.7537857848716	7.938207804e-07
399191022636485	15.76654371722	7.941421464e-07
399723277333333	15.7794850756	7.94468e-07
400256953271028	15.7924566915974	7.947944814e-07
400792056149733	15.8055278829282	7.951233334e-07
401328591700134	15.8187782961754	7.954565556e-07
401866565683646	15.8320503362319	7.957901818e-07
402405983892617	15.8454063519414	7.961257778e-07
402946852150538	15.8589846769414	7.964668148e-07
403489176312248	15.8726189922833	7.968091112e-07
404032962264151	15.8862945834233	7.971522962e-07
404578215924426	15.9002241890976	7.975017038e-07
405124943243243	15.914223950607	7.97852717e-07
405673150202977	15.9282790739458	7.98204963e-07
406222842818428	15.9425602127618	7.985627142e-07
406774027137042	15.9568824240408	7.989213334e-07
407326709239130	15.9713062121337	7.992823334e-07
407880895238095	15.9860297148456	7.996506666e-07
408436591280654	16.0007695292525	8.00019238e-07
408993803547067	16.0156152400751	8.003902858e-07
409552538251366	16.0307049490366	8.007672558e-07
410112801641587	16.0458858755595	8.011463256e-07
410674600000000	16.0612231029088	8.015291162e-07
411237939643347	16.0767429631301	8.01916279e-07
411802826923077	16.0924471141752	8.02307849e-07
412369268225585	16.1083427904	8.02704e-07
412937269972452	16.124416024976	8.031043774e-07
413506838620690	16.1407504519605	6.74949287544e-06
414077980662983	16.1573737649801	8.3608170568e-05
414650702627939	16.1741573958651	0.000256585146169
415225011080332	16.191115010881	0.0005247059274448
415800912621359	16.208259718116	0.000891570407167712
416378413888889	16.2255880589701	0.00135784827768923
416957521557719	16.2431258205272	0.00192398935150114
417538242339833	16.2607776800128	0.00258656045756685
418120582984658	16.2786363248378	0.00334878376173
418704550279330	16.2966131315747	0.00420996051919822
419290151048951	16.3148472734188	0.00518255468485456
419877392156863	16.3330970601151	0.00625153132517813
420466280504909	16.3516375068019	0.00743822940367369
421056823033708	16.3702399074519	0.00869525135418595
421649026722926	16.3889539847563	0.01012081875
422242898591549	16.4079794156782	0.01158493526762
422838445698166	16.4270458461061	0.0131870828366756
423435675141243	16.4462749966296	0.0149054403269157
424034594059406	16.4656406863789	0.01671808730984
424635209631728	16.4851098752299	0.018656557385645
425237529078014	16.5047639917883	0.02067866639276
425841559659091	16.5246525132993	0.0228510237661637
426447308677098	16.544597337125	0.0251118804282467
427054783475784	16.5646851084677	0.02747417901865
427663991440799	16.5849909279762	0.0300029875049898
428274940000000	16.6054045373181	0.0325459769794415
428887636623748	16.6257161951745	0.0353092961432353
429502088825215	16.6464880232367	0.0381230174668548
430118304160689	16.667264665254	0.0410890318329614
430736290229885	16.6881400925163	0.0441381051251034
431356054676259	16.709308032798	0.0473670798990566
431977605187320	16.7305110525345	0.0506980998393907
432600949494950	16.7518213469479	0.0541113454700779
433226095375723	16.7733735240629	0.0577099822492001
433853050651230	16.7949917467125	0.0613591556159434
434481823188406	16.8167698393364	0.0651815792045289
435112420899855	16.8385717220475	0.0690764690100383
435744851744186	16.8606884796087	0.0731801444100591
436379123726346	16.8828667122474	0.0773556226988489
437015244897959	16.9051404341716	0.0816578927082667
437653223357664	16.9275163827491	0.0861367784791846
438293067251462	16.9503039214171	0.0907577370465111
438934784773060	16.9730516167315	0.0954437692278644
439578384164223	16.9959021723797	0.100288729781571
440223873715125	17.0188649934408	0.105311664413755
440871261764706	17.0420012222192	0.110430595487149
441520556701031	17.0653205040606	0.115645822828512
442171766961652	17.0887495248	0.1210400064
442824901033973	17.1122751621747	0.126611418224842
443479967455621	17.135844921953	0.132227503219184
444136974814815	17.1596688785284	0.138069958853322
444795931750742	17.1837133503229	0.144007989031444
445456846953938	17.207816527684	0.15013418784
446119729166667	17.2319858389495	0.156394027378928
446784587183308	17.2563456921859	0.162786191337252
447451429850746	17.280962056611	0.169350509982891
448120266068759	17.3055681414859	0.1760760049127
448791104790419	17.3303564586512	0.182921797202955
449463955022489	17.3552372805194	0.1898987429815
450138825825826	17.380344988135	0.197103000118731
450815726315789	17.4055642276376	0.204399165951556
451494665662651	17.430774622125	0.2118443203
452175653092006	17.4562476598397	0.2194642895479
452858697885196	17.4819685131681	0.227269006596427
453543809379728	17.5076068483475	0.235226336287899
454230996969697	17.5334293050519	0.243268587168898
454920270106222	17.5595742115211	0.25159894646372
455611638297872	17.5858301995747	0.26009084957618
456305111111111	17.61206553727	0.26867883043254
457000698170732	17.6385197437878	0.277426030647029
457698409160305	17.66507815545	0.2863797515375
458398253822630	17.6917603083744	0.295496690129473
459100241960184	17.718571862461	0.304781438796972
459804383435583	17.7456151456884	0.314206175193441
460510688172043	17.7727765794824	0.323885123126046
461219166153846	17.8001118945106	0.333740943698317
461929827426810	17.8275628766603	0.343724443799495
462642682098765	17.8549229545223	0.353867360875382
463357740340031	17.8826613595226	0.36422387665165
464075012383901	17.91057946839	0.374839930173143
464794508527132	17.9385988184952	0.38556855310671
465516239130435	17.9665436612788	0.396468379786773
466240214618974	17.9949390888285	0.40757749894049
466966445482866	18.0231699928011	0.418852818093574
467694942277691	18.0518614929	0.430343784
468425715625000	18.0803749755	0.4419965348
469158776212833	18.1093633878096	0.453959138235562
469894134796238	18.1382583639558	0.465998339671195
470631802197802	18.1675395901811	0.478346502344005
471371789308176	18.1967203929793	0.490851373568803
472114107086614	18.2260050137404	0.503465299270076
472858766561514	18.2557631817919	0.51648352696794
473605778830964	18.2853436539476	0.529567316592129
474355155063291	18.3151882718918	0.542932192818231
475106906497623	18.34506031469	0.556408441481919
475861044444444	18.3752012596379	0.570167200561626
476617580286168	18.4053685463363	0.584115331913146
477376525477707	18.436087921408	0.598486887456
478137891547049	18.4666251062097	0.612916758657674
478901690095847	18.49735745376	0.627550644808
479667932800000	18.5278945509341	0.642239084868539
480436631410256	18.558900166478	0.6573450705585
481207797752809	18.590105716896	0.67274072932
481981443729904	18.621419366032	0.688340140626
482757581320451	18.6529075679971	0.704133148277122
483536222580645	18.6845959224002	0.720222518222376
484317379644588	18.7160720126527	0.736434584547854
485101064724919	18.7480519193949	0.753009553992922
485887290113452	18.7801283163664	0.769787346092131
486676068181818	18.8120865172822	0.786775734954506
487467411382114	18.8445452831835	0.804049244260673
488261332247557	18.8767828625	0.8215243608
489057843393148	18.909622848	0.8393838782
489856957516340	18.9421585273048	0.857355472294624
490658687397709	18.9752817012609	0.875712101048869
491463045901639	19.0081852409657	0.894266325622589
492270045977012	19.0415933567726	0.913205191803456
493079700657895	19.074790498484	0.932180325682166
493892023064250	19.1082060760113	0.951547902583384
494707026402640	19.1417848037889	0.971183995202182
495524723966942	19.1758397653305	0.991220671422866
496345129139073	19.2097030162825	1.01138266759625
497168255389718	19.2437539231881	1.03191830085807
497994116279070	19.2778532802293	1.05261718272648
498822725457571	19.3121905249437	1.0736765985
499654096666667	19.346742514836	1.09501757424806
500488243739566	19.3814615884865	1.11668621403577
501325180602007	19.416280499375	1.13871836496386
502164921273032	19.4512511656728	1.16091891367394
503007479865772	19.486386714368	1.183552365024
503852870588235	19.5217675550296	1.20649275457179
504701107744108	19.5570841118163	1.22962664856754
505552205733558	19.5926136887247	1.25309808799913
506406179054054	19.628280719868	1.27687426880667
507263042301184	19.6642325553498	1.30112242067485
508122810169492	19.7001992633763	1.32558170362707
508985497453311	19.7364005875597	1.35042219629481
509851119047619	19.7726600553787	1.37551498042665
510719689948893	19.8089674796335	1.40092147322626
511591225255973	19.845839464106	1.42688234410604
512465740170940	19.8824626212852	1.45300202967996
513343250000000	19.9192978273078	1.47944321369375
514223770154374	19.9562728355	1.5062633148
515107316151203	19.9937204426614	1.53376177018883
515993903614458	20.0310759006783	1.56131334914617
516883548275862	20.0685131307263	1.58925097175635
517776265975820	20.106116143584	1.61759312309
518672072664360	20.143874010021	1.64628172787466
519570984402080	20.1818367111222	1.67533466969276
520473017361111	20.2198753022114	1.70487364517955
521378187826087	20.2581051557957	1.7347435783317
522286512195122	20.2961957535	1.7647674315125
523198006980803	20.3346935098217	1.79536256117743
524112688811189	20.3734794518112	1.82652552755184
525030574430823	20.412331567071	1.85804091698993
525951680701754	20.4510753826312	1.88979040520075
526876024604569	20.4902462992038	1.92209811203088
527803623239437	20.5293645919075	1.95471384152032
528734493827161	20.5685516531604	1.98769914166474
529668653710247	20.6081732824642	2.02132816473331
530606120353982	20.647723180924	2.05529603578368
531546911347518	20.6876041894325	2.08976030373474
532491044404973	20.727466951251	2.12462415291475
533438537366548	20.7674451816846	2.15980624925078
534389408199643	20.8075843794059	2.19560435214863
535343675000000	20.8478865672218	2.23180763725427
536301355992844	20.8882336357683	2.26842135145887
537262469534050	20.9288462379405	2.30567019786474
538227034111311	20.9693281356111	2.34309440776007
539195068345324	21.0102958341274	2.38133547270828
540166590990991	21.0510906504783	2.41969603700684
541141620938628	21.0923181536222	2.45899794898153
542120177215190	21.1333585998207	2.49839128678851
543102278985507	21.1749639542717	2.53870095373424
544087945553539	21.216198527144	2.5792010524125
545077196363636	21.2576115618962	2.62014616656695
546070051001821	21.2995553495894	2.66198740881726
547066529197080	21.341266642488	2.70406022853311
548066650822669	21.3830757429965	2.74668506523383
549070435897436	21.4250712152846	2.78992031285086
550077904587156	21.4672285517403	2.83367757384836
551089077205882	21.5096051492224	2.87817052654591
552103974217311	21.5516759752	2.9227291386
553122616236162	21.5942506097108	2.96839221326896
554145024029575	21.6368804054206	3.01448855528011
555171218518518	21.6793415970748	3.06087419773032
556201220779221	21.7222508170493	3.10821810560128
557235052044610	21.7648724368211	3.15579597713745
558272733705773	21.8079700089201	3.20439819006271
559314287313433	21.8508895176625	3.25324960397093
560359734579439	21.8942295107434	3.30315568670928
561409097378277	21.9373560062463	3.35332646466359
562462397748593	21.9808107682597	3.40442786334907
563519657894737	22.0239501714818	3.45573706315181
564580900188324	22.0674251454126	3.50787375908096
565646147169811	22.1111636620739	3.56101911871261
566715421550094	22.1545346544269	3.61425611622236
567788746212121	22.1982959007705	3.66849933713414
568866144212524	22.2418117803096	3.72309289252535
569947638783270	22.2856997482917	3.77878605987041
571033253333333	22.3294122475118	3.83484372661303
572123011450382	22.3734077612051	3.89195674206451
573216936902486	22.4172313335011	3.94948392429411
574315053639847	22.46138407116	4.00813000699165
575417385796545	22.5052645455067	4.0670490680461
576523957692308	22.5492435624127	4.12669263906077
577634793834297	22.5935493073807	4.1877352689383
578749918918919	22.6375427264063	4.24885996395
579869357833656	22.6815898160438	4.31090063362075
580993135658915	22.7258515029	4.3739977881875
582121277669903	22.7696764271465	4.43724328128628
583253809338521	22.8139431193352	4.50195125836556
584390756335283	22.8581389895466	4.56728012707548
585532144531250	22.9021268034563	4.6331769194
586678000000000	22.9462038187237	4.70007120964224
587828349019608	22.9905170406533	4.7682225464939
588983218074656	23.0343771657823	4.83640888337057
590142633858268	23.0785678396262	4.90628037848022
591306623274162	23.1224503289567	4.97638394150008
592475213438735	23.1664538460169	5.04763968105246
593648431683168	23.2103167621218	5.11973241275056
594826305555556	23.2539618900705	5.19245153836583
596008862823062	23.2977419391886	5.26648287587612
597196131474104	23.3415606242813	5.34144827312578
598388139720559	23.3850147154611	5.41711873121319
599584916000000	23.4283601285078	5.49359668741875
600786488977956	23.4718413003915	5.57150948653222
601992887550201	23.515255987285	5.65039789392665
603204140845070	23.5582917327909	5.7297374249002
604420278225806	23.6012844998186	5.81025490912393
605641329292929	23.6440389770131	5.89181115938479
606867323886640	23.6867094605424	5.97430069603747
608098292089250	23.729320529175	6.0580327786
609334264227642	23.7715757351083	6.14251252567125
610575270875764	23.8138867799976	6.22845816875793
611821342857143	23.8557747010231	6.31504882778595
613072511247444	23.8975439794788	6.40303597254867
614328807377049	23.9388071321436	6.49132177532904
615590262833676	23.9802044330939	6.58154458493441
616856909465021	24.021299232	6.6726618642
618128779381443	24.0620498561944	6.76488374646216
619405904958678	24.1027095730203	6.85863432857159
620688318840580	24.1427574350567	6.952678090725
621976053941909	24.1827198845355	7.04850077363567
623269143451144	24.2220484671791	7.14476391586367
624567620833333	24.2614136166851	7.24313161122501
625871519832985	24.300461910725	7.3425348735
627180874476988	24.3387571915891	7.44260361280844
628495719077568	24.3769605594423	7.54440981756304
629816088235294	24.4146071487937	7.6470832339
631142016842105	24.452040214776	7.75151538579349
632473540084388	24.488794846964	7.85664431842599
633810693446089	24.525159791699	7.96320022134128
635153512711864	24.5610540741351	8.07082054856928
636502033970276	24.596497734276	8.18021165454123
637856293617021	24.6314999334633	8.29097688618859
639216328358209	24.6658072763968	8.40288658823198
640582175213675	24.699491181563	8.51556868228817
641953871520343	24.7327861992	8.6302969094
643331454935622	24.7653363833932	8.74625528107237
644714963440860	24.7971952996934	8.86308261921585
646104435344828	24.8285071493627	8.98176946808752
647499909287257	24.8591586059871	9.10176111553963
648901424242424	24.8889971583582	9.22295882768493
650309019522776	24.9182919452845	9.34614821909953
651722734782609	24.946681195675	9.4703860191
653142610021786	24.9743743859591	9.59651345543423
654568685589520	25.0012892352989	9.72375904787707
656001002188184	25.0271126649393	9.85180868331553
657439600877193	25.0521134760464	9.98161845312989
658884523076923	25.0765112373609	10.1139960121875
660335810572687	25.099654282725	10.2469556605
661793505518764	25.1218403826728	10.3809101221037
663257650442478	25.1431501997645	10.5171419793008
664728288248337	25.1635197702971	10.655349852399
666205462222222	25.1827453529865	10.7950968873497