166551365555556	2.07610567264621	2.88173952511064e-07
166643945525292	2.07614332340644	2.88176565557052e-07
166736628476085	2.07618097450806	2.8817917860304e-07
166829414579855	2.07621862595108	2.88181791649028e-07
166922304008909	2.07625627773551	2.88184404695016e-07
167015296935933	2.07629392986133	2.88187017741004e-07
167108393534002	2.07633158232856	2.88189630786992e-07
167201593976576	2.07636923513718	2.8819224383298e-07
167294898437500	2.07640688828721	2.88194856878968e-07
167388307091011	2.07644454177864	2.88197469924956e-07
167481820111732	2.07648219561146	2.88200082970944e-07
167575437674679	2.07651984978569	2.88202696016932e-07
167669159955257	2.07655750430132	2.8820530906292e-07
167762987129267	2.07659515915835	2.88207922108908e-07
167856919372900	2.07663281435681	2.88210535154898e-07
167950956862745	2.07667046989664	2.88213148200886e-07
168045099775785	2.07670812577787	2.88215761246874e-07
168139348289400	2.0767457820005	2.88218374292862e-07
168233702581369	2.07678343856453	2.8822098733885e-07
168328162829871	2.07682109546996	2.88223600384838e-07
168422729213483	2.07685875271679	2.88226213430826e-07
168517401911186	2.07689641030502	2.88228826476814e-07
168612181102362	2.07693406823466	2.88231439522802e-07
168707066966798	2.07697172650569	2.8823405256879e-07
168802059684685	2.07700938511812	2.88236665614778e-07
168897159436620	2.07704704407196	2.88239278660766e-07
168992366403608	2.07708470336719	2.88241891706754e-07
169087680767061	2.07712236300383	2.88244504752742e-07
169183102708804	2.07716002298186	2.8824711779873e-07
169278632411067	2.0771976833013	2.88249730844718e-07
169374270056497	2.07723534396214	2.88252343890706e-07
169470015828152	2.07727300496437	2.88254956936694e-07
169565869909502	2.07731066630801	2.88257569982682e-07
169661832484437	2.07734832799305	2.8826018302867e-07
169757903737259	2.07738599001949	2.88262796074658e-07
169854083852691	2.07742365238733	2.88265409120646e-07
169950373015873	2.07746131509656	2.88268022166634e-07
170046771412365	2.0774989781472	2.88270635212622e-07
170143279228150	2.07753664153924	2.8827324825861e-07
170239896649631	2.07757430527269	2.88275861304598e-07
170336623863636	2.07761196934753	2.88278474350586e-07
170433461057419	2.07764963376377	2.88281087396574e-07
170530408418658	2.07768729852144	2.88283700442564e-07
170627466135458	2.07772496362048	2.88286313488552e-07
170724634396355	2.07776262906092	2.8828892653454e-07
170821913390313	2.07780029484277	2.88291539580528e-07
170919303306727	2.07783796096601	2.88294152626516e-07
171016804335425	2.07787562743066	2.88296765672504e-07
171114416666667	2.0779132942367	2.88299378718492e-07
171212140491148	2.07795096138415	2.8830199176448e-07
171309976000000	2.07798862887299	2.88304604810468e-07
171407923384791	2.07802629670324	2.88307217856456e-07
171505982837529	2.07806396487489	2.88309830902444e-07
171604154550658	2.07810163338793	2.88312443948432e-07
171702438717068	2.07813930224238	2.8831505699442e-07
171800835530086	2.07817697143823	2.88317670040408e-07
171899345183486	2.07821464097548	2.88320283086396e-07
171997967871486	2.07825231085413	2.88322896132384e-07
172096703788749	2.07828998107418	2.88325509178372e-07
172195553130385	2.07832765163563	2.8832812222436e-07
172294516091954	2.07836532253848	2.88330735270348e-07
172393592869465	2.07840299378273	2.88333348316336e-07
172492783659379	2.07844066536838	2.88335961362324e-07
172592088658607	2.07847833729543	2.88338574408312e-07
172691508064516	2.07851600956388	2.883411874543e-07
172791042074928	2.07855368217374	2.88343800500288e-07
172890690888120	2.07859135512499	2.88346413546276e-07
172990454702827	2.07862902841764	2.88349026592264e-07
173090333718245	2.0786667020517	2.88351639638252e-07
173190328134027	2.07870437602715	2.8835425268424e-07
173290438150289	2.07874205034404	2.8835686573023e-07
173390663967611	2.07877972500229	2.88359478776218e-07
173491005787037	2.07881740000195	2.88362091822206e-07
173591463810075	2.07885507534301	2.88364704868194e-07
173692038238702	2.07889275102546	2.88367317914182e-07
173792729275362	2.07893042704932	2.8836993096017e-07
173893537122970	2.07896810341458	2.88372544006158e-07
173994461984910	2.07900578012124	2.88375157052146e-07
174095504065041	2.0790434571693	2.88377770098134e-07
174196663567693	2.07908113455876	2.88380383144122e-07
174297940697674	2.07911881228961	2.8838299619011e-07
174399335660268	2.07915649036187	2.88385609236098e-07
174500848661234	2.07919416877554	2.88388222282086e-07
174602479906814	2.0792318475306	2.88390835328074e-07
174704229603730	2.07926952662706	2.88393448374062e-07
174806097959184	2.07930720606492	2.8839606142005e-07
174908085180863	2.07934488584418	2.88398674466038e-07
175010191476941	2.07938256596485	2.88401287512026e-07
175112417056075	2.07942024642691	2.88403900558014e-07
175214762127411	2.07945792723037	2.88406513604002e-07
175317226900585	2.07949560837524	2.8840912664999e-07
175419811585723	2.07953316914051	2.88411731324544e-07
175522516393443	2.07956992233585	2.8841427997489e-07
175625341534856	2.07960667585596	2.88416828625236e-07
175728287221571	2.07964342970082	2.8841937727558e-07
175831353665689	2.0796801838705	2.88421925925926e-07
175934541079812	2.07971693836495	2.88424474576272e-07
176037849677041	2.07975369318416	2.88427023226616e-07
176141279670975	2.07979044832818	2.88429571876962e-07
176244831275720	2.07982720379698	2.88432120527308e-07
176348504705882	2.07986395959053	2.88434669177652e-07
176452300176574	2.07990071570889	2.88437217827998e-07
176556217903416	2.079937472152	2.88439766478342e-07
176660258102534	2.07997422891992	2.88442315128688e-07
176764420990566	2.08001098601263	2.88444863779034e-07
176868706784661	2.08004774343008	2.88447412429378e-07
176973115702479	2.08008450117235	2.88449961079724e-07
177077647962197	2.08012118983717	2.88452504918032e-07
177182303782506	2.08015760121435	2.88455029508196e-07
177287083382614	2.0801940129102	2.8845755409836e-07
177391986982249	2.08023042492473	2.88460078688524e-07
177497014801658	2.08026683725793	2.88462603278688e-07
177602167061611	2.08030324990982	2.88465127868852e-07
177707443983402	2.08033966288038	2.88467652459016e-07
177812845788849	2.08037607616962	2.8847017704918e-07
177918372700297	2.08041248977754	2.88472701639344e-07
178024024940618	2.08044890370414	2.88475226229508e-07
178129802733214	2.08048531794941	2.88477750819672e-07
178235706302021	2.08052173251336	2.88480275409836e-07
178341735871505	2.08055814739599	2.884828e-07
178447891666667	2.08059434931661	2.88485309803922e-07
178554173913043	2.08063055155219	2.88487819607844e-07
178660582836710	2.08066675410269	2.88490329411764e-07
178767118664281	2.08070295696818	2.88492839215686e-07
178873781622912	2.08073916014863	2.88495349019608e-07
178980571940298	2.08077536364403	2.8849785882353e-07
179087489844683	2.08081156745438	2.88500368627452e-07
179194535564854	2.08084777157966	2.88502878431372e-07
179301709330144	2.08088397601993	2.88505388235294e-07
179409011370437	2.08092018077516	2.88507898039216e-07
179516441916168	2.08095638584534	2.88510407843138e-07
179624001198322	2.08099259123044	2.88512917647058e-07
179731689448441	2.08102879693053	2.8851542745098e-07
179839506898620	2.08106500294558	2.88517937254902e-07
179947453781513	2.08110120927558	2.88520447058824e-07
180055530330330	2.08113741592054	2.88522956862746e-07
180163736778846	2.08117362288042	2.88525466666666e-07
180272073361395	2.08120983015529	2.88527976470588e-07
180380540312876	2.08124603774512	2.8853048627451e-07
180489137868754	2.0812822456499	2.88532996078432e-07
180597866265060	2.08131783411059	2.88535462923406e-07
180706725738397	2.08135300969939	2.88537901129082e-07
180815716525935	2.08138818558542	2.88540339334758e-07
180924838865419	2.0814233617687	2.88542777540434e-07
181034092995169	2.08145853824922	2.8854521574611e-07
181143479154079	2.08149371502698	2.88547653951786e-07
181252997581620	2.08152889210199	2.88550092157462e-07
181362648517846	2.08156406947423	2.88552530363138e-07
181472432203390	2.08159924714369	2.88554968568812e-07
181582348879467	2.08163442511042	2.88557406774488e-07
181692398787879	2.0816696033744	2.88559844980164e-07
181802582171013	2.08170478193561	2.8856228318584e-07
181912899271845	2.08173996079407	2.88564721391516e-07
182023350333940	2.08177513994977	2.88567159597192e-07
182133935601458	2.08181031940271	2.88569597802868e-07
182244655319149	2.0818454991529	2.88572036008544e-07
182355509732360	2.08188067920033	2.8857447421422e-07
182466499087036	2.081915859545	2.88576912419896e-07
182577623629720	2.08195104018691	2.88579350625572e-07
182688883607556	2.08198622112607	2.88581788831248e-07
182800279268293	2.08202140236246	2.88584227036924e-07
182911810860281	2.0820565838961	2.885866652426e-07
183023478632479	2.08209176572698	2.88589103448276e-07
183135282834453	2.08212694785511	2.88591541653952e-07
183247223716381	2.08216213028047	2.88593979859628e-07
183359301529052	2.08219731300308	2.88596418065304e-07
183471516523868	2.08223249602293	2.8859885627098e-07
183583868952848	2.08226767934003	2.88601294476656e-07
183696359068627	2.08230286295436	2.88603732682332e-07
183808987124464	2.08233804686594	2.88606170888008e-07
183921753374233	2.08237323107476	2.88608609093684e-07
184034658072437	2.08240841558082	2.8861104729936e-07
184147701474201	2.08244360038413	2.88613485505036e-07
184260883835280	2.08247878548468	2.88615923710712e-07
184374205412054	2.08251397088244	2.88618361916386e-07
184487666461538	2.08254915657747	2.88620800122062e-07
184601267241379	2.08258434256975	2.88623238327738e-07
184715008009858	2.08261952885926	2.88625676533414e-07
184828889025894	2.08265471544602	2.8862811473909e-07
184942910549044	2.08268990233002	2.88630552944766e-07
185057072839506	2.08272508951127	2.88632991150442e-07
185171376158122	2.08276027698975	2.88635429356118e-07
185285820766378	2.08279546476548	2.88637867561794e-07
185400406926407	2.08283065283845	2.8864030576747e-07
185515134900990	2.08286584120867	2.88642743973146e-07
185630004953560	2.08290102987612	2.88645182178822e-07
185745017348203	2.08293621884082	2.88647620384498e-07
185860172349659	2.08297140810276	2.88650058590174e-07
185975470223325	2.08300659766194	2.8865249679585e-07
186090911235258	2.08304178751837	2.88654935001526e-07
186206495652174	2.08307697767204	2.88657373207202e-07
186322223741454	2.08311216812295	2.88659811412878e-07
186438095771144	2.0831473588711	2.88662249618554e-07
186554112009956	2.08318254991649	2.8866468782423e-07
186670272727273	2.08321774125913	2.88667126029906e-07
186786578193146	2.08325293289901	2.88669564235582e-07
186903028678304	2.08328812483613	2.88672002441258e-07
187019624454148	2.0833233170705	2.88674440646934e-07
187136365792759	2.0833585096021	2.8867687885261e-07
187253252966896	2.08339370243095	2.88679317058286e-07
187370286250000	2.08342889555701	2.8868175526396e-07
187487465916198	2.08346408898035	2.88684193469636e-07
187604792240300	2.08349928270092	2.88686631675312e-07
187722265497808	2.08353447671874	2.88689069880988e-07
187839885964912	2.0835696710338	2.88691508086664e-07
187957653918495	2.0836048656461	2.8869394629234e-07
188075569636136	2.08364006055565	2.88696384498016e-07
188193633396108	2.08367525576243	2.88698822703692e-07
188311845477387	2.08371045126646	2.88701260909368e-07
188430206159648	2.08374564706774	2.88703699115044e-07
188548715723270	2.08378084316625	2.8870613732072e-07
188667374449339	2.08381603956201	2.88708575526396e-07
188786182619647	2.08385123625501	2.88711013732072e-07
188905140516698	2.08388643324525	2.88713451937748e-07
189024248423707	2.08392163053273	2.88715890143424e-07
189143506624606	2.08395682811746	2.887183283491e-07
189262915404040	2.08399202599943	2.88720766554776e-07
189382475047378	2.08402722417864	2.88723204760452e-07
189502185840708	2.08406242265509	2.88725642966128e-07
189622048070841	2.08409762142879	2.88728081171804e-07
189742062025316	2.08413282049972	2.8873051937748e-07
189862227992400	2.0841680198679	2.88732957583156e-07
189982546261090	2.08420321953333	2.88735395788832e-07
190103017121116	2.08423841949599	2.88737833994508e-07
190223640862944	2.0842736197559	2.88740272200184e-07
190344417777778	2.08430882031305	2.8874271040586e-07
190465348157560	2.08434402116741	2.88745148611534e-07
190586432294978	2.08437922231905	2.8874758681721e-07
190707670483461	2.08441442376792	2.88750025022886e-07
190829063017186	2.08444962551404	2.88752463228562e-07
190950610191083	2.0844848275574	2.88754901434238e-07
191072312300829	2.08452002989801	2.88757339639914e-07
191194169642857	2.08455523253585	2.8875977784559e-07
191316182514359	2.08459043547094	2.88762216051266e-07
191438351213282	2.08462563870327	2.88764654256942e-07
191560676038339	2.08466084223284	2.88767092462618e-07
191683157289003	2.08469604605966	2.88769530668294e-07
191805795265515	2.08473125018372	2.8877196887397e-07
191928590268886	2.08476645460502	2.88774407079646e-07
192051542600897	2.08480165932356	2.88776845285322e-07
192174652564103	2.08483686433934	2.88779283490998e-07
192297920461834	2.08487206965237	2.88781721696674e-07
192421346598203	2.08490727526264	2.8878415990235e-07
192544931278099	2.08494248117015	2.88786598108026e-07
192668674807198	2.08497768737491	2.88789036313702e-07
192792577491961	2.0850128938769	2.88791474519378e-07
192916639639640	2.08504810067614	2.88793912725054e-07
193040861558274	2.08508330777262	2.8879635093073e-07
193165243556701	2.08511851516635	2.88798789136406e-07
193289785944552	2.08515372285731	2.88801227342082e-07
193414489032258	2.08518893084552	2.88803665547758e-07
193539353131052	2.08522413913097	2.88806103753434e-07
193664378552972	2.08525934771364	2.88808541959108e-07
193789565610860	2.08529455659357	2.88810980164784e-07
193914914618370	2.08532976577075	2.8881341837046e-07
194040425889968	2.08536497524517	2.88815856576136e-07
194166099740933	2.08540018501683	2.88818294781812e-07
194291936487362	2.08543539508574	2.88820732987488e-07
194417936446174	2.08547060545188	2.88823171193164e-07
194544099935107	2.08550581611527	2.8882560939884e-07
194670427272727	2.0855410270759	2.88828047604516e-07
194796918778428	2.08557623833378	2.88830485810192e-07
194923574772432	2.08561144988889	2.88832924015868e-07
195050395575797	2.08564666174125	2.88835362221544e-07
195177381510417	2.08568187389085	2.8883780042722e-07
195304532899023	2.0857170863377	2.88840238632896e-07
195431850065189	2.08575229908178	2.88842676838572e-07
195559333333333	2.08578751212311	2.88845115044248e-07
195686983028721	2.08582272546168	2.88847553249924e-07
195814799477466	2.08585793909749	2.888499914556e-07
195942783006536	2.08589315303055	2.88852429661276e-07
196070933943754	2.08592774898672	2.88854825058314e-07
196199252617801	2.08596177451055	2.88857180939686e-07
196327739358219	2.08599580031192	2.8885953682106e-07
196456394495413	2.08602982639077	2.88861892702432e-07
196585218360656	2.08606385274716	2.88864248583806e-07
196714211286089	2.08609787938103	2.88866604465178e-07
196843373604728	2.08613190629244	2.88868960346552e-07
196972705650460	2.08616593348132	2.88871316227924e-07
197102207758054	2.08619996094772	2.88873672109296e-07
197231880263158	2.08623398869165	2.8887602799067e-07
197361723502304	2.08626801671306	2.88878383872042e-07
197491737812912	2.08630204501201	2.88880739753416e-07
197621923533289	2.08633607358844	2.88883095634788e-07
197752281002639	2.08637010244241	2.88885451516162e-07
197882810561056	2.08640413157386	2.88887807397534e-07
198013512549538	2.08643816098284	2.88890163278908e-07
198144387309980	2.08647219066931	2.8889251916028e-07
198275435185185	2.08650622063328	2.88894875041652e-07
198406656518862	2.08654025087479	2.88897230923026e-07
198538051655629	2.08657428139379	2.88899586804398e-07
198669620941021	2.08660831219032	2.88901942685772e-07
198801364721485	2.08664234326433	2.88904298567144e-07
198933283344393	2.08667637461587	2.88906654448518e-07
199065377158035	2.0867104062449	2.8890901032989e-07
199197646511628	2.08674443815144	2.88911366211262e-07
199330091755319	2.08677847033551	2.88913722092636e-07
199462713240186	2.08681250279707	2.88916077974008e-07
199595511318242	2.08684653553616	2.88918433855382e-07
199728486342438	2.08688056855273	2.88920789736754e-07
199861638666667	2.08691460184684	2.88923145618128e-07
199994968645764	2.08694863541843	2.889255014995e-07
200128476635514	2.08698266926756	2.88927857380874e-07
200262162992652	2.08701670339416	2.88930213262246e-07
200396028074866	2.08705073779828	2.88932569143618e-07
200530072240803	2.08708477247993	2.88934925024992e-07
200664295850067	2.08711880743907	2.88937280906364e-07
200798699263228	2.08715284267574	2.88939636787738e-07
200933282841823	2.08718687818989	2.8894199266911e-07
201068046948357	2.08722091398158	2.88944348550484e-07
201202991946309	2.08725495005075	2.88946704431856e-07
201338118200134	2.08728898639743	2.88949060313228e-07
201473426075269	2.08732302302164	2.88951416194602e-07
201608915938130	2.08735705992334	2.88953772075974e-07
201744588156124	2.08739109710257	2.88956127957348e-07
201880443097643	2.08742513455928	2.8895848383872e-07
202016481132075	2.08745917229354	2.88960839720094e-07
202152702629804	2.08749321030527	2.88963195601466e-07
202289107962213	2.08752724859454	2.8896555148284e-07
202425697501688	2.08756128716128	2.88967907364212e-07
202562471621622	2.08759532600554	2.88970263245584e-07
202699430696416	2.08762936512734	2.88972619126958e-07
202836575101488	2.08766340452661	2.8897497500833e-07
202973905213270	2.08769744420343	2.88977330889704e-07
203111421409214	2.08773148415772	2.88979686771076e-07
203249124067797	2.08776552438955	2.8898204265245e-07
203387013568521	2.08779956489886	2.88984398533822e-07
203525090291921	2.08783360568568	2.88986754415194e-07
203663354619565	2.08786764675004	2.88989110296568e-07
203801806934058	2.08790168809188	2.8899146617794e-07
203940447619048	2.08793572971125	2.88993822059314e-07
204079277059224	2.08796946376263	2.88996156636218e-07
204218295640327	2.08800289023854	2.88998469908652e-07
204357503749148	2.08803631698202	2.89000783181086e-07
204496901773533	2.08806974399305	2.8900309645352e-07
204636490102389	2.08810317127165	2.89005409725954e-07
204776269125683	2.08813659881781	2.89007722998388e-07
204916239234450	2.08817002663154	2.89010036270822e-07
205056400820793	2.08820345471282	2.89012349543256e-07
205196754277892	2.08823688306166	2.8901466281569e-07
205337300000000	2.08827031167807	2.89016976088124e-07
205478038382454	2.08830374056204	2.89019289360558e-07
205618969821674	2.0883371697136	2.89021602632994e-07
205760094715168	2.08837059913269	2.89023915905428e-07
205901413461538	2.08840402881934	2.89026229177862e-07
206042926460481	2.08843745877355	2.89028542450296e-07
206184634112792	2.08847088899533	2.8903085572273e-07
206326536820372	2.08850431948467	2.89033168995164e-07
206468634986226	2.08853775024156	2.89035482267598e-07
206610929014473	2.08857118126602	2.89037795540032e-07
206753419310345	2.08860461255804	2.89040108812466e-07
206896106280193	2.08863804411763	2.890424220849e-07
207038990331492	2.08867147594477	2.89044735357334e-07
207182071872840	2.08870490803948	2.89047048629768e-07
207325351313970	2.08873834040177	2.89049361902204e-07
207468829065744	2.0887717730316	2.89051675174638e-07
207612505540166	2.08880520592899	2.89053988447072e-07
207756381150381	2.08883863909394	2.89056301719506e-07
207900456310680	2.08887207252645	2.8905861499194e-07
208044731436502	2.08890550622653	2.89060928264374e-07
208189206944444	2.08893894019416	2.89063241536808e-07
208333883252258	2.08897237442936	2.89065554809242e-07
208478760778860	2.08900580893212	2.89067868081676e-07
208623839944328	2.08903924370244	2.8907018135411e-07
208769121169916	2.08907267874032	2.89072494626544e-07
208914604878049	2.08910611404579	2.8907480789898e-07
209060291492329	2.0891395496188	2.89077121171414e-07
209206181437544	2.08917298545937	2.89079434443848e-07
209352275139665	2.08920642156749	2.89081747716282e-07
209498573025856	2.08923985794318	2.89084060988716e-07
209645075524476	2.08927329458643	2.8908637426115e-07
209791783065080	2.08930673149724	2.89088687533584e-07
209938696078431	2.08934016867562	2.89091000806018e-07
210085814996496	2.08937360612155	2.89093314078452e-07
210233140252454	2.08940704383505	2.89095627350886e-07
210380672280702	2.08944048181611	2.8909794062332e-07
210528411516854	2.08947392006473	2.89100253895754e-07
210676358397751	2.08950735858093	2.8910256716819e-07
210824513361463	2.08954079736468	2.89104880440624e-07
210972876847291	2.08957423641598	2.89107193713058e-07
211121449295775	2.08960767573485	2.89109506985492e-07
211270231148696	2.08964111532127	2.89111820257926e-07
211419222849083	2.08967455517526	2.8911413353036e-07
211568424841214	2.08970799529681	2.89116446802794e-07
211717837570621	2.08974143568592	2.89118760075228e-07
211867461484099	2.08977487634259	2.89121073347662e-07
212017297029703	2.08980831726683	2.89123386620096e-07
212167344656759	2.08984175845862	2.8912569989253e-07
212317604815864	2.08987519991801	2.89128013164966e-07
212468077958894	2.08990864164493	2.891303264374e-07
212618764539007	2.08994208363941	2.89132639709834e-07
212769665010646	2.08997552590145	2.89134952982268e-07
212920779829545	2.09000896843105	2.89137266254702e-07
213072109452736	2.09004241122821	2.89139579527136e-07
213223654338549	2.09007585429294	2.8914189279957e-07
213375414946619	2.09010929762523	2.89144206072004e-07
213527391737892	2.09014274122508	2.89146519344438e-07
213679585174626	2.09017618509249	2.89148832616872e-07
213831995720399	2.09020962922746	2.89151145889306e-07
213984623840114	2.09024307362999	2.8915345916174e-07
214137470000000	2.09027651830011	2.89155772434176e-07
214290534667620	2.09030996323777	2.8915808570661e-07
214443818311874	2.09034340844299	2.89160398979044e-07
214597321403006	2.09037685391577	2.89162712251478e-07
214751044412607	2.09041029965611	2.89165025523912e-07
214904987813620	2.09044372417098	2.891673373098e-07
215059152080344	2.09047681222608	2.89169625806452e-07
215213537688442	2.09050990054303	2.89171914303104e-07
215368145114943	2.09054298912185	2.89174202799756e-07
215522974838246	2.09057607796256	2.8917649129641e-07
215678027338130	2.0906091670651	2.89178779793062e-07
215833303095752	2.0906422564295	2.89181068289714e-07
215988802593660	2.09067534605576	2.89183356786366e-07
216144526315789	2.09070843594388	2.89185645283018e-07
216300474747475	2.09074152609389	2.89187933779672e-07
216456648375451	2.09077461650573	2.89190222276324e-07
216613047687861	2.09080770717944	2.89192510772976e-07
216769673174259	2.090840798115	2.89194799269628e-07
216926525325615	2.09087388931245	2.89197087766282e-07
217083604634323	2.09090698077174	2.89199376262934e-07
217240911594203	2.09094007249289	2.89201664759586e-07
217398446700508	2.0909731644759	2.89203953256238e-07
217556210449927	2.09100625672079	2.89206241752892e-07
217714203340596	2.09103934922752	2.89208530249544e-07
217872425872093	2.09107244199612	2.89210818746196e-07
218030878545455	2.09110553502657	2.89213107242848e-07
218189561863173	2.09113862831888	2.892153957395e-07
218348476329206	2.09117172187308	2.89217684236154e-07
218507622448980	2.09120481568912	2.89219972732806e-07
218667000729395	2.09123790976701	2.89222261229458e-07
218826611678832	2.09127100410677	2.8922454972611e-07
218986455807158	2.09130409870841	2.89226838222764e-07
219146533625731	2.09133719357189	2.89229126719416e-07
219306845647403	2.09137028869723	2.89231415216068e-07
219467392386530	2.09140338408443	2.8923370371272e-07
219628174358974	2.09143647973352	2.89235992209374e-07
219789192082111	2.09146957564444	2.89238280706026e-07
219950446074835	2.09150267181722	2.89240569202678e-07
220111936857562	2.09153573040895	2.89242855082642e-07
220273664952241	2.09156863788896	2.89245130495846e-07
220435630882353	2.09160154562789	2.89247405909052e-07
220597835172921	2.09163445362569	2.89249681322258e-07
220760278350515	2.09166736188233	2.89251956735462e-07
220922960943257	2.09170027039788	2.89254232148668e-07
221085883480826	2.0917331791723	2.89256507561874e-07
221249046494465	2.0917660882056	2.8925878297508e-07
221412450516987	2.09179899749775	2.89261058388284e-07
221576096082779	2.0918319070488	2.8926333380149e-07
221739983727811	2.09186481685872	2.89265609214696e-07
221904113989637	2.09189772692752	2.89267884627902e-07
222068487407407	2.09193063725517	2.89270160041106e-07
222233104521868	2.09196354784172	2.89272435454312e-07
222397965875371	2.09199645868714	2.89274710867518e-07
222563072011878	2.09202936979141	2.89276986280722e-07
222728423476969	2.09206228115459	2.89279261693928e-07
222894020817844	2.09209519277664	2.89281537107134e-07
223059864583333	2.09212810465757	2.8928381252034e-07
223225955323902	2.09216101679734	2.89286087933544e-07
223392293591654	2.09219392919602	2.8928836334675e-07
223558879940343	2.09222684185357	2.89290638759956e-07
223725714925373	2.09225975476997	2.8929291417316e-07
223892799103809	2.09229266794528	2.89295189586366e-07
224060133034380	2.09232558137945	2.89297464999572e-07
224227717277487	2.09235849507251	2.89299740412778e-07
224395552395210	2.09239140902441	2.89302015825982e-07
224563638951311	2.09242432323521	2.89304291239188e-07
224731977511244	2.09245723770489	2.89306566652394e-07
224900568642161	2.09249015243345	2.893088420656e-07
225069412912913	2.09252306742085	2.89311117478804e-07
225238510894065	2.09255598266715	2.8931339289201e-07
225407863157895	2.09258889817233	2.89315668305216e-07
225577470278405	2.09262181393636	2.8931794371842e-07
225747332831325	2.09265472995929	2.89320219131626e-07
225917451394122	2.0926876462411	2.89322494544832e-07
226087826546003	2.09272056278178	2.89324769958038e-07
226258458867925	2.09275347958131	2.89327045371242e-07
226429348942598	2.09278639663974	2.89329320784448e-07
226600497354497	2.09281931395705	2.89331596197654e-07
226771904689864	2.0928522315332	2.89333871610858e-07
226943571536715	2.09288514936826	2.89336147024064e-07
227115498484848	2.09291806746219	2.8933842243727e-07
227287686125853	2.092950985815	2.89340697850476e-07
227460135053111	2.09298390442666	2.8934297326368e-07
227632845861807	2.09301682329721	2.89345248676886e-07
227805819148936	2.09304974242665	2.89347524090092e-07
227979055513308	2.09308266181496	2.89349799503298e-07
228152555555556	2.09311558146211	2.89352074916502e-07
228326319878142	2.09314850136817	2.89354350329708e-07
228500349085366	2.09318142153311	2.89356625742914e-07
228674643783371	2.09321434195689	2.89358901156118e-07
228849204580153	2.09324726263958	2.89361176569324e-07
229024032085562	2.09328018358114	2.8936345198253e-07
229199126911315	2.09331310478157	2.89365727395736e-07
229374489671002	2.09334602624086	2.8936800280894e-07
229550120980092	2.09337894795904	2.89370278222146e-07
229726021455939	2.09341186993611	2.89372553635352e-07
229902191717791	2.09344479217204	2.89374829048558e-07
230078632386800	2.09347771466683	2.89377104461762e-07
230255344086022	2.09351063742052	2.89379379874968e-07
230432327440430	2.09354356043308	2.89381655288174e-07
230609583076923	2.09357648370449	2.89383930701378e-07
230787111624326	2.0936094072348	2.89386206114584e-07
230964913713405	2.09364233102399	2.8938848152779e-07
231142989976870	2.09367525507206	2.89390756940996e-07
231321341049383	2.09370817937897	2.893930323542e-07
231499967567568	2.09374110394478	2.89395307767406e-07
231678870170015	2.09377402876947	2.89397583180612e-07
231858049497293	2.09380695385301	2.89399858593816e-07
232037506191950	2.09383987919545	2.89402134007022e-07
232217240898528	2.09387280479676	2.89404409420228e-07
232397254263566	2.09390573065695	2.89406684833434e-07
232577546935609	2.09393865677599	2.89408960246638e-07
232758119565217	2.09397158315393	2.89411235659844e-07
232938972804973	2.09400450979075	2.8941351107305e-07
233120107309487	2.09403743668644	2.89415786486256e-07
233301523735409	2.09407036384098	2.8941806189946e-07
233483222741433	2.09410329125442	2.89420337312666e-07
233665204988309	2.09413621892674	2.89422612725872e-07
233847471138846	2.09416914685791	2.89424888139076e-07
234030021857924	2.09420207504797	2.89427163552282e-07
234212857812500	2.09423500349692	2.89429438965488e-07
234395979671618	2.09426793220474	2.89431714378694e-07
234579388106416	2.0943008611714	2.89433989791898e-07
234763083790133	2.09433379039697	2.89436265205104e-07
234947067398119	2.09436671988142	2.8943854061831e-07
235131339607843	2.09439964962471	2.89440816031514e-07
235315901098901	2.0944325796269	2.8944309144472e-07
235500752553024	2.09446550988797	2.89445366857926e-07
235685894654088	2.09449844040792	2.89447642271132e-07
235871328088120	2.09453137118671	2.89449917684336e-07
236057053543307	2.09456430222441	2.89452193097542e-07
236243071710008	2.09459723352098	2.89454468510748e-07
236429383280757	2.09463016507643	2.89456743923954e-07
236615988950276	2.09466309689072	2.89459019337158e-07
236802889415482	2.09469602896392	2.89461294750364e-07
236990085375494	2.09472896129599	2.8946357016357e-07
237177577531646	2.09476189388691	2.89465845576774e-07
237365366587490	2.09479482673673	2.8946812098998e-07
237553453248811	2.09482775984543	2.89470396403186e-07
237741838223632	2.094860693213	2.89472671816392e-07
237930522222222	2.09489362683942	2.89474947229596e-07
238119505957109	2.09492656072475	2.89477222642802e-07
238308790143084	2.09495949486895	2.89479498056008e-07
238498375497216	2.09499242927202	2.89481773469214e-07
238688262738854	2.09502536393394	2.89484048882418e-07
238878452589641	2.09505829885477	2.89486324295624e-07
239068945773525	2.09509123403447	2.8948859970883e-07
239259743016760	2.09512416947302	2.89490875122034e-07
239450845047923	2.09515710517047	2.8949315053524e-07
239642252597922	2.09519004112679	2.89495425948446e-07
239833966400000	2.095222977342	2.89497701361652e-07
240025987189752	2.09525591381604	2.89499976774856e-07
240218315705128	2.095288850549	2.89502252188062e-07
240410952686447	2.09532178754082	2.89504527601268e-07
240603898876404	2.0953547247915	2.89506803014472e-07
240797155020080	2.09538766230108	2.89509078427678e-07
240990721864952	2.09542060006953	2.89511353840884e-07
241184600160901	2.09545353809686	2.8951362925409e-07
241378790660225	2.09548647638303	2.89515904667294e-07
241573294117647	2.09551941492811	2.895181800805e-07
241768111290323	2.09555235373206	2.89520455493706e-07
241963242937853	2.09558529279489	2.89522730906912e-07
242158689822294	2.09561823211657	2.89525006320116e-07
242354452708165	2.09565117169715	2.89527281733322e-07
242550532362460	2.09568411153661	2.89529557146528e-07
242746929554656	2.09571705163491	2.89531832559732e-07
242943645056726	2.09574999199211	2.89534107972938e-07
243140679643147	2.09578293260819	2.89536383386144e-07
243338034090909	2.09581587348315	2.8953865879935e-07
243535709179529	2.09584881461695	2.89540934212554e-07
243733705691057	2.09588175600966	2.8954320962576e-07
243932024410090	2.09591469766124	2.89545485038966e-07
244130666123778	2.09594763957167	2.8954776045217e-07
244329631621842	2.095980581741	2.89550035865376e-07
244528921696574	2.09601352416921	2.89552311278582e-07
244728537142857	2.09604646685629	2.89554586691788e-07
244928478758170	2.09607940980222	2.89556862104992e-07
245128747342600	2.09611235300706	2.89559137518198e-07
245329343698854	2.09614529647077	2.89561412931404e-07
245530268632269	2.09617824019335	2.8956368834461e-07
245731522950820	2.09621118417478	2.89565963757814e-07
245933107465135	2.09624412841512	2.8956823917102e-07
246135022988506	2.09627707291433	2.89570514584226e-07
246337270336894	2.09631001767238	2.8957278999743e-07
246539850328947	2.09634296268934	2.89575065410636e-07
246742763786008	2.09637590796518	2.89577340823842e-07
246946011532125	2.09640885349989	2.89579616237048e-07
247149594394064	2.09644179929345	2.89581891650252e-07
247353513201320	2.09647474534591	2.89584167063458e-07
247557768786127	2.09650769165725	2.89586442476664e-07
247762361983471	2.09654063822743	2.89588717889868e-07
247967293631100	2.09657358505652	2.89590993303074e-07
248172564569536	2.09660653214448	2.8959326871628e-07
248378175642088	2.09663947949132	2.89595544129486e-07
248584127694859	2.096672427097	2.8959781954269e-07
248790421576764	2.09670537496159	2.89600094955896e-07
248997058139535	2.09673832308505	2.89602370369102e-07
249204038237739	2.09677127146739	2.89604645782308e-07
249411362728785	2.09680422010858	2.89606921195512e-07
249619032472939	2.09683716900867	2.89609196608718e-07
249827048333333	2.09687011816763	2.89611472021924e-07
250035411175980	2.09690306758544	2.89613747435128e-07
250244121869783	2.09693601726216	2.89616022848334e-07
250453181286550	2.09696896719775	2.8961829826154e-07
250662590301003	2.09700191739221	2.89620573674746e-07
250872349790795	2.09703486784553	2.8962284908795e-07
251082460636516	2.09706781855774	2.89625124501156e-07
251292923721710	2.09710076952883	2.89627399914362e-07
251503739932886	2.0971337207588	2.89629675327568e-07
251714910159530	2.09716667224761	2.89631950740772e-07
251926435294118	2.09719962399533	2.89634226153978e-07
252138316232128	2.09723257600192	2.89636501567184e-07
252350553872054	2.09726552826736	2.89638776980388e-07
252563149115417	2.09729848079171	2.89641052393594e-07
252776102866779	2.09733143357493	2.896433278068e-07
252989416033755	2.09736438661702	2.89645603220006e-07
253203089527027	2.09739733991796	2.8964787863321e-07
253417124260355	2.0974302934778	2.89650154046416e-07
253631521150592	2.09746324729652	2.89652429459622e-07
253846281117697	2.09749620137409	2.89654704872826e-07
254061405084746	2.09752915571056	2.89656980286032e-07
254276893977947	2.0975621103059	2.89659255699238e-07
254492748726655	2.09759506516012	2.89661531112444e-07
254708970263381	2.09762802027319	2.89663806525648e-07
254925559523810	2.09766097564516	2.89666081938854e-07
255142517446808	2.09769393127601	2.8966835735206e-07
255359844974446	2.09772688716573	2.89670632765266e-07
255577543052003	2.0977598433143	2.8967290817847e-07
255795612627986	2.09779279972177	2.89675183591676e-07
256014054654142	2.09782575638812	2.89677459004882e-07
256232870085470	2.09785871331331	2.89679734418086e-07
256452059880240	2.09789167049741	2.89682009831292e-07
256671625000000	2.09792462794038	2.89684285244498e-07
256891566409597	2.09795758564223	2.89686560657704e-07
257111885077187	2.09799054360293	2.89688836070908e-07
257332581974249	2.09802350182252	2.89691111484114e-07
257553658075601	2.098056460301	2.8969338689732e-07
257775114359415	2.09808941903832	2.89695662310524e-07
257996951807229	2.09812237803454	2.8969793772373e-07
258219171403962	2.09815533728964	2.89700213136936e-07
258441774137931	2.09818829680362	2.89702488550142e-07
258664761000863	2.09822125657644	2.89704763963346e-07
258888132987910	2.09825421660817	2.89707039376552e-07
259111891097666	2.09828717689877	2.89709314789758e-07
259336036332180	2.09832013744824	2.89711590202964e-07
259560569696970	2.09835309825657	2.89713865616168e-07
259785492201040	2.09838605932379	2.89716141029374e-07
260010804856895	2.09841902064989	2.8971841644258e-07
260236508680556	2.09845198223484	2.89720691855784e-07
260462604691573	2.0984849440787	2.8972296726899e-07
260689093913043	2.09851790618142	2.89725242682196e-07
260915977371628	2.09855086854303	2.89727518095402e-07
261143256097561	2.09858383116348	2.89729793508606e-07
261370931124673	2.09861679404283	2.89732068921812e-07
261599003490401	2.09864975718106	2.89734344335018e-07
261827474235808	2.09868272057813	2.89736619748222e-07
262056344405594	2.09871568423411	2.89738895161428e-07
262285615048119	2.09874864814897	2.89741170574634e-07
262515287215412	2.0987816123227	2.8974344598784e-07
262745361963190	2.09881457675528	2.89745721401044e-07
262975840350877	2.09884754144676	2.8974799681425e-07
263206723441615	2.09888050639711	2.89750272227456e-07
263438012302285	2.09891347160634	2.89752547640662e-07
263669708003518	2.09894643707442	2.89754823053866e-07
263901811619718	2.0989794028014	2.89757098467072e-07
264134324229075	2.09901236878726	2.89759373880278e-07
264367246913580	2.09904533503196	2.89761649293482e-07
264600580759047	2.09907830153557	2.89763924706688e-07
264834326855124	2.09911126829805	2.89766200119894e-07
265068486295314	2.09914423531941	2.897684755331e-07
265303060176991	2.09917720259961	2.89770750946304e-07
265538049601417	2.09921017013872	2.8977302635951e-07
265773455673759	2.0992438152856	2.89775348522652e-07
266009279503106	2.09927780964227	2.89777694769096e-07
266245522202487	2.09931180427419	2.8978004101554e-07
266482184888889	2.09934579918132	2.89782387261982e-07
266719268683274	2.09937979436373	2.89784733508426e-07
266956774710597	2.09941378982137	2.8978707975487e-07
267194704099822	2.09944778555427	2.89789426001314e-07
267433057983943	2.09948178156237	2.89791772247756e-07
267671837500000	2.09951577784575	2.897941184942e-07
267911043789097	2.09954977440437	2.89796464740644e-07
268150677996422	2.09958377123821	2.89798810987086e-07
268390741271262	2.09961776834732	2.8980115723353e-07
268631234767025	2.09965176573167	2.89803503479974e-07
268872159641256	2.09968576339127	2.89805849726418e-07
269113517055655	2.09971976132608	2.8980819597286e-07
269355308176101	2.09975375953616	2.89810542219304e-07
269597534172662	2.09978775802149	2.89812888465748e-07
269840196219622	2.09982175678203	2.8981523471219e-07
270083295495496	2.09985575581785	2.89817580958634e-07
270326833183048	2.09988975512891	2.89819927205078e-07
270570810469314	2.09992375471521	2.89822273451522e-07
270815228545619	2.09995775457673	2.89824619697964e-07
271060088607595	2.09999175471352	2.89826965944408e-07
271305391855204	2.10002575512555	2.89829312190852e-07
271551139492754	2.1000597558128	2.89831658437294e-07
271797332728921	2.10009375677532	2.89834004683738e-07
272043972776770	2.10012775801308	2.89836350930182e-07
272291060853769	2.10016175952609	2.89838697176626e-07
272538598181818	2.10019576131431	2.89841043423068e-07
272786585987261	2.1002297633778	2.89843389669512e-07
273035025500911	2.10026376571654	2.89845735915956e-07
273283917958067	2.1002977683305	2.89848082162398e-07
273533264598540	2.10033177121972	2.89850428408842e-07
273783066666667	2.10036577438419	2.89852774655286e-07
274033325411335	2.1003997778239	2.8985512090173e-07
274284042086002	2.10043378153883	2.89857467148172e-07
274535217948718	2.10046778552903	2.89859813394616e-07
274786854262145	2.10050178979447	2.8986215964106e-07
275038952293578	2.10053579433513	2.89864505887502e-07
275291513314968	2.10056979915106	2.89866852133946e-07
275544538602941	2.10060380424224	2.8986919838039e-07
275798029438822	2.10063780960866	2.89871544626834e-07
276051987108656	2.10067181525029	2.89873890873276e-07
276306412903226	2.10070582116719	2.8987623711972e-07
276561308118081	2.10073982735934	2.89878583366164e-07
276816674053555	2.10077383382671	2.89880929612606e-07
277072512014787	2.1008089680184	2.89883353645456e-07
277328823311748	2.10084413737373	2.8988578008407e-07
277585609259259	2.10087930702345	2.89888206522684e-07
277842871177016	2.10091447696754	2.89890632961298e-07
278100610389610	2.10094964720604	2.89893059399914e-07
278358828226555	2.10098481773889	2.89895485838528e-07
278617526022305	2.10101998856613	2.89897912277142e-07
278876705116279	2.10105515968774	2.89900338715756e-07
279136366852886	2.10109033110374	2.8990276515437e-07
279396512581547	2.10112550281411	2.89905191592984e-07
279657143656716	2.10116067481886	2.89907618031598e-07
279918261437908	2.10119584711803	2.89910044470214e-07
280179867289720	2.10123101971154	2.89912470908828e-07
280441962581852	2.10126619259944	2.89914897347442e-07
280704548689139	2.10130136578171	2.89917323786056e-07
280967626991565	2.10133653925837	2.8991975022467e-07
281231198874296	2.1013717130294	2.89922176663284e-07
281495265727700	2.10140688709482	2.89924603101898e-07
281759828947368	2.10144206145464	2.89927029540514e-07
282024889934149	2.10147723610882	2.89929455979128e-07
282290450094162	2.10151241105737	2.89931882417742e-07
282556510838831	2.10154758630031	2.89934308856356e-07
282823073584906	2.10158276183763	2.8993673529497e-07
283090139754485	2.10161793766932	2.89939161733584e-07
283357710775047	2.1016531137954	2.89941588172198e-07
283625788079470	2.10168829021589	2.89944014610814e-07
283894373106061	2.10172346693073	2.89946441049428e-07
284163467298578	2.10175864393994	2.89948867488042e-07
284433072106262	2.10179382124354	2.89951293926656e-07
284703188983856	2.10182899884152	2.8995372036527e-07
284973819391635	2.10186417673388	2.89956146803884e-07
285244964795433	2.10189935492062	2.89958573242498e-07
285516626666667	2.10193453340176	2.89960999681114e-07
285788806482364	2.10196971217726	2.89963426119728e-07
286061505725191	2.10200489124714	2.89965852558342e-07
286334725883477	2.1020400706114	2.89968278996956e-07
286608468451243	2.10207525027004	2.8997070543557e-07
286882734928230	2.10211043022306	2.89973131874184e-07
287157526819923	2.10214561047046	2.89975558312798e-07
287432845637584	2.10218079101227	2.89977984751414e-07
287708692898273	2.10221597184843	2.89980411190028e-07
287985070124880	2.10225115297897	2.89982837628642e-07
288261978846154	2.10228633440389	2.89985264067256e-07
288539420596728	2.1023215161232	2.8998769050587e-07
288817396917148	2.10235669813688	2.89990116944484e-07
289095909353906	2.10239188044497	2.899925433831e-07
289374959459459	2.10242706304741	2.89994969821714e-07
289654548792271	2.10246224594423	2.89997396260328e-07
289934678916828	2.10249742913543	2.89999822698942e-07
290215351403679	2.10253261262102	2.90002249137556e-07
290496567829457	2.10256779640098	2.9000467557617e-07
290778329776916	2.10260298047532	2.90007102014784e-07
291060638834951	2.10263816484408	2.900095284534e-07
291343496598639	2.10267334950718	2.90011954892014e-07
291626904669261	2.10270853446466	2.90014381330628e-07
291910864654333	2.10274371971653	2.90016807769242e-07
292195378167641	2.10277890526277	2.90019234207856e-07
292480446829268	2.1028140911034	2.9002166064647e-07
292766072265625	2.1028492772384	2.90024087085084e-07
293052256109482	2.10288446366781	2.900265135237e-07
293339000000000	2.10291965039158	2.90028939962314e-07
293626305582762	2.10295483740972	2.90031366400928e-07
293914174509804	2.10299002472225	2.90033792839542e-07
294202608439647	2.10302521232915	2.90036219278156e-07
294491609037328	2.10306040023044	2.9003864571677e-07
294781177974435	2.10309558842611	2.90041072155384e-07
295071316929134	2.10313077691618	2.90043498594e-07
295362027586207	2.10316596570061	2.90045925032614e-07
295653311637081	2.10320115477941	2.90048351471228e-07
295945170779862	2.10323970928676	2.90051009947338e-07
296237606719368	2.10327833282433	2.90053673158906e-07
296530621167161	2.10331695671656	2.90056336370476e-07
296824215841584	2.10335558096339	2.90058999582044e-07
297118392467790	2.1033942055649	2.90061662793614e-07
297413152777778	2.103432830521	2.90064326005182e-07
297708498510427	2.10347145583177	2.90066989216752e-07
298004431411531	2.10351008149715	2.9006965242832e-07
298300953233831	2.10354870751719	2.9007231563989e-07
298598065737052	2.10358733389184	2.90074978851458e-07
298895770687936	2.10362596062114	2.90077642063028e-07
299194069860279	2.10366458770506	2.90080305274596e-07
299492965034965	2.10370321514364	2.90082968486166e-07
299792458000000	2.10374184293682	2.90085631697734e-07
300092550550551	2.10378047108467	2.90088294909304e-07
300393244488978	2.10381909958713	2.90090958120872e-07
300694541624875	2.10385772844425	2.90093621332442e-07
300996443775100	2.10389635765597	2.9009628454401e-07
301298952763819	2.10393498722236	2.9009894775558e-07
301602070422535	2.10397361714335	2.90101610967148e-07
301905798590131	2.10401224741901	2.90104274178718e-07
302210139112903	2.10405087804927	2.90106937390286e-07
302515093844601	2.1040895090342	2.90109600601856e-07
302820664646465	2.10412814037373	2.90112263813424e-07
303126853387260	2.10416677206793	2.90114927024994e-07
303433661943320	2.10420540411673	2.90117590236562e-07
303741092198582	2.1042440365202	2.90120253448132e-07
304049146044625	2.10428266927827	2.901229166597e-07
304357825380711	2.10432130239101	2.9012557987127e-07
304667132113821	2.10435993585835	2.90128243082838e-07
304977068158698	2.10439856968035	2.90130906294408e-07
305287635437882	2.10443720385696	2.90133569505976e-07
305598835881753	2.10447583838824	2.90136232717546e-07
305910671428571	2.10451447327412	2.90138895929114e-07
306223144024515	2.10455310851467	2.90141559140684e-07
306536255623722	2.10459174410982	2.90144222352252e-07
306850008188332	2.10463038005963	2.90146885563822e-07
307164403688525	2.10466901636405	2.9014954877539e-07
307479444102564	2.10470765302313	2.9015221198696e-07
307795131416838	2.10474629003682	2.90154875198528e-07
308111467625899	2.10478492740518	2.90157538410098e-07
308428454732510	2.10482356512814	2.90160201621666e-07
308746094747683	2.10486220320576	2.90162864833236e-07
309064389690722	2.10490084163799	2.90165528044804e-07
309383341589267	2.10493948042488	2.90168191256374e-07
309702952479339	2.10497811956638	2.90170854467942e-07
310023224405377	2.10501675906254	2.90173517679512e-07
310344159420290	2.10505539891331	2.9017618089108e-07
310665759585492	2.10509403911874	2.9017884410265e-07
310988026970954	2.10513267967878	2.90181507314218e-07
311310963655244	2.10517132059348	2.90184170525788e-07
311634571725572	2.10520996186279	2.90186833737356e-07
311958853277836	2.10524860348676	2.90189496948926e-07
312283810416667	2.10528724546533	2.90192160160494e-07
312609445255474	2.10532588779858	2.90194823372064e-07
312935759916493	2.10536453048642	2.90197486583632e-07
313262756530826	2.10540317352893	2.90200149795202e-07
313590437238494	2.10544181692605	2.9020281300677e-07
313918804188482	2.10548046067783	2.9020547621834e-07
314247859538784	2.10551910478421	2.90208139429908e-07
314577605456453	2.10555774924526	2.90210802641478e-07
314908044117647	2.10559639406092	2.90213465853046e-07
315239177707676	2.10563503923124	2.90216129064616e-07
315571008421053	2.10567368475616	2.90218792276184e-07
315903538461538	2.10571233063575	2.90221455487754e-07
316236770042194	2.10575097686994	2.90224118699322e-07
316570705385428	2.1057896234588	2.90226781910892e-07
316905346723044	2.10582827040227	2.9022944512246e-07
317240696296296	2.10586691770039	2.9023210833403e-07
317576756355932	2.10590556535313	2.90234771545598e-07
317913529162248	2.10594421336052	2.90237434757168e-07
318251016985138	2.10598286172253	2.90240097968736e-07
318589222104144	2.10602151043919	2.90242761180306e-07
318928146808511	2.10606015951047	2.90245424391874e-07
319267793397231	2.1060988089364	2.90248087603444e-07
319608164179104	2.10613745871694	2.90250750815012e-07
319949261472786	2.10617610885215	2.90253414026582e-07
320291087606838	2.10621475934196	2.9025607723815e-07
320633644919786	2.10625341018644	2.9025874044972e-07
320976935760171	2.10629206138555	2.9026140366129e-07
321320962486602	2.10633071293926	2.90264066872858e-07
321665727467811	2.10636936484762	2.90266730084426e-07
322011233082707	2.10640801711063	2.90269393295996e-07
322357481720430	2.10644666972828	2.90272056507566e-07
322704475780409	2.10648532270053	2.90274719719134e-07
323052217672414	2.10652397602745	2.90277382930704e-07
323400709816613	2.10656262970898	2.90280046142272e-07
323749954643628	2.10660128374517	2.90282709353842e-07
324099954594595	2.10663993813596	2.9028537256541e-07
324450712121212	2.10667859288142	2.9028803577698e-07
324802229685807	2.10671724798148	2.90290698988548e-07
325154509761388	2.10675590343621	2.90293362200118e-07
325507554831705	2.10679455924555	2.90296025411686e-07
325861367391304	2.10683321540954	2.90298688623256e-07
326215949945593	2.10687187192815	2.90301351834824e-07
326571305010893	2.10691052880141	2.90304015046394e-07
326927435114504	2.10694918602929	2.90306678257962e-07
327284342794760	2.10698784361182	2.90309341469532e-07
327642030601093	2.10702650154897	2.903120046811e-07
328000501094092	2.10706515984077	2.9031466789267e-07
328359756845564	2.10710381848718	2.90317331104238e-07
328719800438596	2.10714247748826	2.90319994315808e-07
329080634467618	2.10718113684394	2.90322657527376e-07
329442261538462	2.10721979655429	2.90325320738946e-07
329804684268427	2.10725845661924	2.90327983950514e-07
330167905286344	2.10729711703885	2.90330647162084e-07
330531927232635	2.10733577781307	2.90333310373652e-07
330896752759382	2.10737443894196	2.90335973585222e-07
331262384530387	2.10741310042545	2.9033863679679e-07
331628825221239	2.1074517622636	2.9034130000836e-07
331996077519380	2.10749042445636	2.90343963219928e-07
332364144124168	2.10752908700379	2.90346626431498e-07
332733027746948	2.10756774990582	2.90349289643066e-07
333102731111111	2.10760641316251	2.90351952854636e-07
333473256952169	2.10764507677381	2.90354616066204e-07
333844608017817	2.10768374073977	2.90357279277774e-07
334216787068004	2.10772240506034	2.90359942489342e-07
334589796875000	2.10776106973557	2.90362605700912e-07
334963640223464	2.10779973476541	2.9036526891248e-07
335338319910515	2.10784002526344	2.90368044058808e-07
335713838745801	2.10788333424504	2.90371027083974e-07
336090199551570	2.10792664367156	2.9037401010914e-07
336467405162738	2.10796995354304	2.90376993134308e-07
336845458426966	2.10801326385941	2.90379976159474e-07
337224362204724	2.1080565746207	2.9038295918464e-07
337604119369369	2.10809988582691	2.90385942209806e-07
337984732807215	2.10814319747804	2.90388925234972e-07
338366205417607	2.1081865095741	2.90391908260138e-07
338748540112994	2.10822982211511	2.90394891285306e-07
339131739819004	2.10827313510101	2.90397874310472e-07
339515807474519	2.10831644853183	2.90400857335638e-07
339900746031746	2.10835976240757	2.90403840360804e-07
340286558456300	2.10840307672824	2.9040682338597e-07
340673247727273	2.10844639149383	2.90409806411136e-07
341060816837315	2.10848970670434	2.90412789436302e-07
341449268792711	2.1085330223598	2.9041577246147e-07
341838606613455	2.10857633846015	2.90418755486636e-07
342228833333333	2.10861965500543	2.90421738511802e-07
342619952000000	2.10866297199563	2.90424721536968e-07
343011965675057	2.10870628943074	2.90427704562134e-07
343404877434135	2.10874960731079	2.904306875873e-07
343798690366972	2.10879292563578	2.90433670612468e-07
344193407577497	2.10883624440566	2.90436653637634e-07
344589032183908	2.10887956362047	2.904396366628e-07
344985567318757	2.1089228832802	2.90442619687966e-07
345383016129032	2.10896620338485	2.90445602713132e-07
345781381776240	2.10900952393443	2.90448585738298e-07
346180667436490	2.10905284492895	2.90451568763466e-07
346580876300578	2.10909616636837	2.90454551788632e-07
346982011574074	2.10913948825271	2.90457534813798e-07
347384076477404	2.10918281058197	2.90460517838964e-07
347787074245940	2.10922613335615	2.9046350086413e-07
348191008130081	2.10926945657526	2.90466483889296e-07
348595881395349	2.10931278023928	2.90469466914462e-07
349001697322468	2.10935610434826	2.9047244993963e-07
349408459207459	2.10939942890213	2.90475432964796e-07
349816170361727	2.10944275390093	2.90478415989962e-07
350224834112150	2.10948607934464	2.90481399015128e-07
350634453801170	2.10952940523328	2.90484382040294e-07
351045032786885	2.10957273156684	2.9048736506546e-07
351456574443142	2.10961605834535	2.90490348090628e-07
351869082159624	2.10966051171034	2.90493408648826e-07
352282559341951	2.10971398492787	2.9049709016979e-07
352697009411765	2.10976745882305	2.90500771690752e-07
353112435806832	2.10982093339591	2.90504453211714e-07
353528841981132	2.10987440864648	2.90508134732678e-07
353946231404959	2.10992788457471	2.9051181625364e-07
354364607565012	2.10998136118064	2.90515497774604e-07
354783973964497	2.11003483846422	2.90519179295566e-07
355204334123223	2.11008831642548	2.90522860816528e-07
355625691577699	2.11014179506445	2.90526542337492e-07
356048049881235	2.11019527438107	2.90530223858454e-07
356471412604043	2.11024875437538	2.90533905379416e-07
356895783333333	2.11030223504739	2.9053758690038e-07
357321165673421	2.11035571639705	2.90541268421342e-07
357747563245823	2.11040919842439	2.90544949942304e-07
358174979689367	2.11046268112944	2.90548631463268e-07
358603418660287	2.11051616451214	2.9055231298423e-07
359032883832335	2.11056964857252	2.90555994505192e-07
359463378896882	2.11062313331061	2.90559676026156e-07
359894907563025	2.11067661872635	2.90563357547118e-07
360327473557692	2.11073010481977	2.9056703906808e-07
360761080625752	2.1107835915909	2.90570720589044e-07
361195732530120	2.11083707903968	2.90574402110006e-07
361631433051870	2.11089056716614	2.90578083630968e-07
362068185990338	2.1109440559703	2.90581765151932e-07
362505995163241	2.11099754545212	2.90585446672894e-07
362944864406780	2.11105103561162	2.90589128193856e-07
363384797575758	2.11110452644883	2.9059280971482e-07
363825798543689	2.11115801796369	2.90596491235782e-07
364267871202916	2.11121151015623	2.90600172756744e-07
364711019464720	2.11126500302647	2.90603854277708e-07
365155247259440	2.11131849657437	2.9060753579867e-07
365600558536585	2.11137199079995	2.90611217319632e-07
366046957264957	2.11142548570324	2.90614898840596e-07
366494447432763	2.11147898128417	2.90618580361558e-07
366943033047736	2.11153247754282	2.90622261882522e-07
367392718137255	2.11158597447912	2.90625943403484e-07
367843506748466	2.11163947209309	2.90629624924446e-07
368295402948403	2.11169297038478	2.9063330644541e-07
368748410824108	2.11174646935412	2.90636987966372e-07
369202534482759	2.11179996900113	2.90640669487334e-07
369657778051788	2.11185346932586	2.90644351008298e-07
370114145679012	2.11190697032823	2.9064803252926e-07
370571641532756	2.11196047200829	2.90651714050222e-07
371030269801980	2.11201397436606	2.90655395571186e-07
371490034696406	2.11206747740147	2.90659077092148e-07
371950940446650	2.11212098111457	2.9066275861311e-07
372412991304348	2.11217448550537	2.90666440134074e-07
372876191542289	2.11222799057383	2.90670121655036e-07
373340545454545	2.11228149631996	2.90673803175998e-07
373806057356608	2.1123350027438	2.90677484696962e-07
374272731585518	2.1123885098453	2.90681166217924e-07
374740572500000	2.11244201762447	2.90684847738886e-07
375209584480601	2.11249552608136	2.9068852925985e-07
375679771929825	2.11254903521589	2.90692210780812e-07
376151139272271	2.1126025450281	2.90695892301774e-07
376623690954774	2.11265605551803	2.90699573822738e-07
377097431446541	2.1127095666856	2.907032553437e-07
377572365239295	2.11276307853085	2.90706936864662e-07
378048496847415	2.11281659105382	2.90710618385626e-07
378525830808081	2.11287010425443	2.90714299906588e-07
379004371681416	2.11292361813272	2.9071798142755e-07
379484124050633	2.11297713268872	2.90721662948514e-07
379965092522180	2.11303064792238	2.90725344469476e-07
380447281725888	2.11308416383374	2.9072902599044e-07
380930696315121	2.11313768042275	2.90732707511402e-07
381415340966921	2.11319119768944	2.90736389032364e-07
381901220382166	2.11324471563384	2.90740070553328e-07
382388339285714	2.1132982342559	2.9074375207429e-07
382876702426564	2.11335175355563	2.90747433595252e-07
383366314578005	2.11340527353307	2.90751115116216e-07
383857180537772	2.11345879418816	2.90754796637178e-07
384349305128205	2.11351231552093	2.9075847815814e-07
384842693196406	2.11356583753141	2.90762159679104e-07
385337349614396	2.11361936021954	2.90765841200066e-07
385833279279279	2.11367288358535	2.90769522721028e-07
386330487113402	2.11372640762887	2.90773204241992e-07
386828978064516	2.11377993235004	2.90776885762954e-07
387328757105943	2.11383345774889	2.90780567283916e-07
387829829236740	2.11388698382545	2.9078424880488e-07
388332199481865	2.11394051057966	2.90787930325842e-07
388835872892348	2.11399403801155	2.90791611846804e-07
389340854545455	2.11404756612115	2.90795293367768e-07
389847149544863	2.1141010949084	2.9079897488873e-07
390354763020833	2.11415462437332	2.90802656409692e-07
390863700130378	2.11420815451596	2.90806337930656e-07
391373966057441	2.11426168533625	2.90810019451618e-07
391885566013072	2.11431521683422	2.9081370097258e-07
392398505235602	2.1143687490099	2.90817382493544e-07
392912788990826	2.11442228186322	2.90821064014506e-07
393428422572178	2.11447581539423	2.90824745535468e-07
393945411300920	2.11452934960295	2.90828427056432e-07
394463760526316	2.11458288448932	2.90832108577394e-07
394983475625823	2.11463642005339	2.90835790098358e-07
395504562005277	2.11468995629512	2.9083947161932e-07
396027025099075	2.11474349321453	2.90843153140282e-07
396550870370370	2.11479703081164	2.90846834661246e-07
397076103311258	2.11485056908641	2.90850516182208e-07
397602729442971	2.11490410803886	2.9085419770317e-07
398130754316069	2.11495764766901	2.90857879224134e-07
398660183510638	2.11501118797682	2.90861560745096e-07
399191022636485	2.11506472896231	2.90865242266058e-07
399723277333333	2.1151182706255	2.90868923787022e-07
400256953271028	2.11517181296635	2.90872605307984e-07
400792056149733	2.11522535598487	2.90876286828946e-07
401328591700134	2.11527889968111	2.9087996834991e-07
401866565683646	2.11533244405499	2.90883649870872e-07
402405983892617	2.11538598910656	2.90887331391834e-07
402946852150538	2.11543953483583	2.90891012912798e-07
403489176312248	2.11549308124275	2.9089469443376e-07
404032962264151	2.11554662832736	2.90898375954722e-07
404578215924426	2.11560017608967	2.90902057475686e-07
405124943243243	2.11565372452964	2.90905738996648e-07
405673150202977	2.11570727364728	2.9090942051761e-07
406222842818428	2.11576082344263	2.90913102038574e-07
406774027137042	2.11581437391564	2.90916783559536e-07
407326709239130	2.11586792506632	2.90920465080498e-07
407880895238095	2.11592147689471	2.90924146601462e-07
408436591280654	2.11597502940076	2.90927828122424e-07
408993803547067	2.11602858258451	2.90931509643388e-07
409552538251366	2.11608213644591	2.9093519116435e-07
410112801641587	2.11613569098499	2.90938872685312e-07
410674600000000	2.11618924620179	2.90942554206276e-07
411237939643347	2.11624280209623	2.90946235727238e-07
411802826923077	2.11629635866835	2.909499172482e-07
412369268225585	2.11634991591818	2.90953598769164e-07
412937269972452	2.11640347384566	2.90957280290126e-07
413506838620690	2.11645703245082	2.90960961811088e-07
414077980662983	2.1165105917337	2.90964643332052e-07
414650702627939	2.11656415169422	2.90968324853014e-07
415225011080332	2.11661771233242	2.90972006373976e-07
415800912621359	2.11667127364833	2.9097568789494e-07
416378413888889	2.11672483564189	2.90979369415902e-07
416957521557719	2.11677839831313	2.90983050936864e-07
417538242339833	2.11683196166208	2.90986732457828e-07
418120582984658	2.11688552568868	2.9099041397879e-07
418704550279330	2.11693909039296	2.90994095499752e-07
419290151048951	2.11699265577495	2.90997777020716e-07
419877392156863	2.11704622183459	2.91001458541678e-07
420466280504909	2.11709978857191	2.9100514006264e-07
421056823033708	2.11715335598694	2.91008821583604e-07
421649026722925	2.11720692407962	2.91012503104566e-07
422242898591549	2.11726049284997	2.91016184625528e-07
422838445698166	2.11731406229804	2.91019866146492e-07
423435675141243	2.11736763242376	2.91023547667454e-07
424034594059406	2.11742120322716	2.91027229188416e-07
424635209631728	2.11748295263068	2.91031472705664e-07
425237529078014	2.11755228221269	2.91036237071104e-07
425841559659091	2.11762161292965	2.91041001436544e-07
426447308677098	2.11769094478157	2.91045765801984e-07
427054783475784	2.11776027776845	2.91050530167424e-07
427663991440799	2.11782961189029	2.91055294532864e-07
428274940000000	2.11789894714712	2.91060058898306e-07
428887636623748	2.11796828353888	2.91064823263746e-07
429502088825215	2.1180376210656	2.91069587629186e-07
430118304160689	2.11810695972728	2.91074351994626e-07
430736290229885	2.11817629952391	2.91079116360066e-07
431356054676259	2.11824564045551	2.91083880725506e-07
431977605187320	2.11831498252206	2.91088645090946e-07
432600949494950	2.11838432572357	2.91093409456386e-07
433226095375723	2.11845367006007	2.91098173821828e-07
433853050651230	2.1185230155315	2.91102938187268e-07
434481823188406	2.11859236213789	2.91107702552708e-07
435112420899855	2.11866170987924	2.91112466918148e-07
435744851744186	2.11873105875554	2.91117231283588e-07
436379123726346	2.11880040876681	2.91121995649028e-07
437015244897959	2.11886975991303	2.91126760014468e-07
437653223357664	2.11893911219424	2.9113152437991e-07
438293067251462	2.11900846561038	2.9113628874535e-07
438934784773060	2.11907782016149	2.9114105311079e-07
439578384164223	2.11914717584755	2.9114581747623e-07
440223873715125	2.11921653266856	2.9115058184167e-07
440871261764706	2.11928589062454	2.9115534620711e-07
441520556701031	2.11935524971548	2.9116011057255e-07
442171766961652	2.11942460994137	2.9116487493799e-07
442824901033973	2.11949397130226	2.91169639303432e-07
443479967455621	2.11956333379807	2.91174403668872e-07
444136974814815	2.11963269742884	2.91179168034312e-07
444795931750742	2.11970206219457	2.91183932399752e-07
445456846953938	2.11977142809526	2.91188696765192e-07
446119729166667	2.11984079513091	2.91193461130632e-07
446784587183308	2.11991016330152	2.91198225496072e-07
447451429850746	2.11997953260712	2.91202989861514e-07
448120266068759	2.12004890304764	2.91207754226954e-07
448791104790419	2.12011827462313	2.91212518592394e-07
449463955022489	2.12019279279479	2.91217636333708e-07
450138825825826	2.12026848028557	2.9122283428918e-07
450815726315790	2.12034416912726	2.9122803224465e-07
451494665662651	2.12041985931992	2.91233230200122e-07
452175653092006	2.12049555086349	2.91238428155592e-07
452858697885196	2.12057124375802	2.91243626111064e-07
453543809379728	2.12064693800346	2.91248824066534e-07
454230996969697	2.12072263359984	2.91254022022004e-07
454920270106222	2.12079833054718	2.91259219977476e-07
455611638297872	2.12087402884544	2.91264417932946e-07
456305111111111	2.12094972849465	2.91269615888418e-07
457000698170732	2.12102632710153	2.91274875476862e-07
457698409160305	2.12110532955387	2.91280300024144e-07
458398253822630	2.12118433347753	2.91285724571428e-07
459100241960184	2.12126333887248	2.91291149118712e-07
459804383435583	2.12134234573872	2.91296573665996e-07
460510688172043	2.12142135407623	2.9130199821328e-07
461219166153846	2.12150036388504	2.91307422760564e-07
461929827426810	2.12157937516513	2.91312847307848e-07
462642682098765	2.12165838791648	2.9131827185513e-07
463357740340031	2.12173740213914	2.91323696402414e-07
464075012383901	2.12181641783308	2.91329120949698e-07
464794508527132	2.12189543499832	2.91334545496982e-07
465516239130435	2.12197445363483	2.91339970044266e-07
466240214618974	2.12206339722343	2.91346075808372e-07
466966445482866	2.12215413526929	2.91352304625812e-07
467694942277691	2.12224487525508	2.91358533443254e-07
468425715625000	2.12233561718076	2.91364762260694e-07
469158776212833	2.12242636104637	2.91370991078136e-07
469894134796238	2.12251710685186	2.91377219895576e-07
470631802197802	2.12260785459726	2.91383448713016e-07
471371789308176	2.1226986042826	2.91389677530458e-07
472114107086614	2.12278935590781	2.91395906347898e-07
472858766561514	2.12288010947294	2.91402135165338e-07
473605778830964	2.122970864978	2.9140836398278e-07
474355155063291	2.12306162242294	2.9141459280022e-07
475106906497623	2.12315238180779	2.9142082161766e-07
475861044444444	2.12324314313258	2.91427050435102e-07
476617580286168	2.12333390639724	2.91433279252542e-07
477376525477707	2.12342467160182	2.91439508069982e-07
478137891547049	2.12351543874633	2.91445736887424e-07
478901690095847	2.12360620783072	2.91451965704864e-07
479667932800000	2.12369697885502	2.91458194522304e-07
480436631410256	2.12378775181926	2.91464423339746e-07
481207797752809	2.12387852672337	2.91470652157186e-07
481981443729904	2.1239693035674	2.91476880974626e-07
482757581320451	2.12406008235136	2.91483109792068e-07
483536222580645	2.1241508630752	2.91489338609508e-07
484317379644588	2.12424164573895	2.91495567426948e-07
485101064724919	2.12433243034264	2.9150179624439e-07
485887290113452	2.1244232168862	2.9150802506183e-07
486676068181818	2.12451400536968	2.9151425387927e-07
487467411382114	2.12460479579309	2.91520482696712e-07
488261332247557	2.12469558815638	2.91526711514152e-07
489057843393148	2.12478638245958	2.91532940331592e-07
489856957516340	2.12487717870272	2.91539169149034e-07
490658687397709	2.12496797688573	2.91545397966474e-07
491463045901639	2.12505877700869	2.91551626783916e-07
492270045977012	2.12514957907152	2.91557855601356e-07
493079700657895	2.12524038307426	2.91564084418796e-07
493892023064250	2.12533118901694	2.91570313236238e-07
494707026402640	2.1254219968995	2.91576542053678e-07
495524723966942	2.12551280672196	2.91582770871118e-07
496345129139073	2.12560361848437	2.9158899968856e-07
497168255389718	2.12569443218665	2.91595228506e-07
497994116279070	2.12578524782884	2.9160145732344e-07
498822725457571	2.12587606541097	2.91607686140882e-07
499654096666667	2.12596688493298	2.91613914958322e-07
500488243739566	2.12605770639489	2.91620143775762e-07
501325180602007	2.12614852979675	2.91626372593204e-07
502164921273032	2.12623935513848	2.91632601410644e-07
503007479865772	2.12633018242012	2.91638830228084e-07
503852870588235	2.1264210116417	2.91645059045526e-07
504701107744108	2.12651184280316	2.91651287862966e-07
505552205733558	2.12660267590452	2.91657516680406e-07
506406179054054	2.12669351094583	2.91663745497848e-07
507263042301184	2.12678434792701	2.91669974315288e-07
508122810169492	2.1268751868481	2.91676203132728e-07
508985497453311	2.12696918334007	2.91682648324516e-07
509851119047619	2.12707207087997	2.91689702998236e-07
510719689948893	2.12717598510712	2.9169682789548e-07
511591225255973	2.12728070335977	2.91704007744822e-07
512465740170940	2.1273854241899	2.91711187594162e-07
513343250000000	2.12749014759754	2.91718367443502e-07
514223770154374	2.12759487358272	2.91725547292844e-07
515107316151203	2.12769960214539	2.91732727142184e-07
515993903614458	2.1278043332856	2.91739906991526e-07
516883548275862	2.12790906700328	2.91747086840866e-07
517776265975820	2.12801392902176	2.91754275308642e-07
518672072664360	2.12812060214963	2.91761587749288e-07
519570984402080	2.12822727795108	2.91768900189934e-07
520473017361111	2.12834326781711	2.91776850885544e-07
521378187826087	2.12845965894376	2.91784828868382e-07
522286512195122	2.12857605325285	2.91792806851222e-07
523198006980803	2.12869245074435	2.91800784834062e-07
524112688811189	2.12880885141826	2.91808762816902e-07
525030574430823	2.12892525527458	2.91816740799742e-07
525951680701754	2.12904166231329	2.9182471878258e-07
526876024604569	2.12915807253443	2.9183269676542e-07
527803623239437	2.12927448593798	2.9184067474826e-07
528734493827160	2.12939090252394	2.918486527311e-07
529668653710247	2.12950732229229	2.91856630713938e-07
530606120353982	2.12962374524307	2.91864608696778e-07
531546911347518	2.12974017137627	2.91872586679618e-07
532491044404973	2.12985660069187	2.91880564662458e-07
533438537366548	2.12997303318989	2.91888542645298e-07
534389408199644	2.13008946887029	2.91896520628136e-07
535343675000000	2.13020590773312	2.91904498610976e-07
536301355992844	2.13032234977837	2.91912476593816e-07
537262469534050	2.13043879500603	2.91920454576656e-07
538227034111311	2.13055524341607	2.91928432559494e-07
539195068345324	2.13067169500854	2.91936410542334e-07
540166590990991	2.13078814978343	2.91944388525174e-07
541141620938628	2.13090460774073	2.91952366508014e-07
542120177215190	2.13102106888044	2.91960344490854e-07
543102278985507	2.13113753320254	2.91968322473692e-07
544087945553539	2.13125400070707	2.91976300456532e-07
545077196363636	2.13137047139401	2.91984278439372e-07
546070051001822	2.13148694526336	2.91992256422212e-07
547066529197080	2.13160342231512	2.92000234405052e-07
548066650822669	2.13171990254927	2.9200821238789e-07
549070435897436	2.13183805424872	2.92016304630322e-07
550077904587156	2.13197708593605	2.92025826661688e-07
551089077205882	2.13211612215683	2.92035348693054e-07
552103974217311	2.1322551629111	2.92044870724422e-07
553122616236162	2.13239420819879	2.92054392755788e-07
554145024029575	2.13253325801994	2.92063914787154e-07
555171218518518	2.13267231237457	2.92073436818522e-07
556201220779221	2.13281137126262	2.92082958849888e-07
557235052044610	2.13295043468413	2.92092480881254e-07
558272733705773	2.13308950263913	2.92102002912622e-07
559314287313433	2.13322857512754	2.92111524943988e-07
560359734579439	2.13336765214941	2.92121046975354e-07
561409097378277	2.13350673370477	2.92130569006722e-07
562462397748593	2.13364581979355	2.92140091038088e-07
563519657894737	2.13378491041578	2.92149613069454e-07
564580900188324	2.1339240055715	2.92159135100822e-07
565646147169811	2.13406310526064	2.92168657132188e-07
566715421550094	2.13420220948324	2.92178179163554e-07
567788746212121	2.13434131823932	2.92187701194922e-07
568866144212524	2.13448043152882	2.92197223226288e-07
569947638783270	2.13461954935178	2.92206745257654e-07
571033253333333	2.13475867170822	2.92216267289022e-07
572123011450382	2.13489779859808	2.92225789320388e-07
573216936902486	2.13503693002143	2.92235311351756e-07
574315053639847	2.13517606597821	2.92244833383122e-07
575417385796545	2.13531520646844	2.92254355414488e-07
576523957692308	2.13545435149215	2.92263877445856e-07
577634793834297	2.13559350104928	2.92273399477222e-07
578749918918919	2.13573265513987	2.92282921508588e-07
579869357833656	2.13587181376395	2.92292443539956e-07
580993135658915	2.13601097692145	2.92301965571322e-07
582121277669903	2.1361501446124	2.92311487602688e-07
583253809338521	2.13628931683684	2.92321009634056e-07
584390756335283	2.1364284935947	2.92330531665422e-07
585532144531250	2.13656767488601	2.92340053696788e-07
586678000000000	2.13670686071081	2.92349575728156e-07
587828349019608	2.13684605106903	2.92359097759522e-07
588983218074656	2.13698524596071	2.92368619790888e-07
590142633858268	2.13713916579703	2.92379148763864e-07
591306623274162	2.13730366397988	2.92390400935454e-07
592475213438735	2.13746816849326	2.92401653107042e-07
593648431683168	2.13763267933725	2.92412905278632e-07
594826305555556	2.13779719651177	2.9242415745022e-07
596008862823062	2.13796172001688	2.9243540962181e-07
597196131474104	2.13812624985254	2.92446661793398e-07
598388139720559	2.1382907860188	2.92457913964988e-07
599584916000000	2.13845532851559	2.92469166136576e-07
600786488977956	2.13861987734298	2.92480418308166e-07
601992887550201	2.13878443250091	2.92491670479754e-07
603204140845070	2.13894899398944	2.92502922651344e-07
604420278225806	2.13911356180851	2.92514174822932e-07
605641329292929	2.13927813595815	2.9252542699452e-07
606867323886640	2.13944271643838	2.9253667916611e-07
608098292089250	2.13960730324915	2.92547931337698e-07
609334264227642	2.13977189639052	2.92559183509288e-07
610575270875764	2.13993649586243	2.92570435680876e-07
611821342857143	2.14010110166494	2.92581687852466e-07
613072511247444	2.14026571379798	2.92592940024054e-07
614328807377049	2.14043033226162	2.92604192195644e-07
615590262833676	2.14059495705581	2.92615444367232e-07
616856909465021	2.14076246660004	2.92626893268548e-07
618128779381443	2.14094874731193	2.92639624611018e-07
619405904958678	2.14113503612814	2.92652355953486e-07
620688318840580	2.1413213330487	2.92665087295954e-07
621976053941909	2.14150763807365	2.92677818638424e-07
623269143451144	2.14169395120292	2.92690549980892e-07
624567620833333	2.14188027243654	2.9270328132336e-07
625871519832985	2.14206660177455	2.9271601266583e-07
627180874476988	2.14225293921688	2.92728744008298e-07
628495719077568	2.1424392847636	2.92741475350768e-07
629816088235294	2.14262563841464	2.92754206693236e-07
631142016842105	2.14281200017003	2.92766938035704e-07
632473540084388	2.14299837002981	2.92779669378174e-07
633810693446089	2.14318474799391	2.92792400720642e-07
635153512711864	2.14337113406237	2.9280513206311e-07
636502033970276	2.14355752823521	2.9281786340558e-07
637856293617021	2.14374393051238	2.92830594748048e-07
639216328358209	2.14393034089393	2.92843326090518e-07
640582175213675	2.1441167593798	2.92856057432986e-07
641953871520343	2.14433047556172	2.92870652374848e-07
643331454935622	2.14455035626027	2.92885667540102e-07
644714963440860	2.14477024823158	2.92900682705356e-07
646104435344828	2.14499015147565	2.9291569787061e-07
647499909287257	2.14521006599251	2.92930713035866e-07
648901424242424	2.1454299917821	2.9294572820112e-07
650309019522777	2.14564992884445	2.92960743366374e-07
651722734782609	2.14586987717956	2.92975758531628e-07
653142610021786	2.14608983678743	2.92990773696882e-07
654568685589520	2.14630980766806	2.93005788862136e-07
656001002188184	2.14652978982147	2.93020804027392e-07
657439600877193	2.14674978324762	2.93035819192646e-07
658884523076923	2.14696978794652	2.930508343579e-07
660335810572687	2.14718980391819	2.93065849523154e-07
661793505518764	2.14740983116261	2.93080864688408e-07
663257650442478	2.14762986967983	2.93095879853664e-07
664728288248337	2.14784991946977	2.93110895018918e-07
666205462222222	2.14806998053247	2.93125910184172e-07
667689216035635	2.14829005286793	2.93140925349426e-07
669179593750000	2.14851013647615	2.9315594051468e-07
670676639821029	2.14873023135714	2.93170955679934e-07
672180399103139	2.1489503375109	2.9318597084519e-07
673690916853933	2.1491704549374	2.93200986010444e-07
675208238738739	2.14939058363666	2.93216001175698e-07
676732410835214	2.14961072360868	2.93231016340952e-07
678263479638009	2.14983087485346	2.93246031506206e-07
679801492063492	2.15005103737102	2.93261046671462e-07
681346495454546	2.15027121116132	2.93276061836716e-07
682898537585421	2.15049139622438	2.9329107700197e-07
684457666666667	2.15071159256019	2.93306092167224e-07
686023931350114	2.15093180016877	2.93321107332478e-07
687597380733945	2.15115201905013	2.93336122497734e-07
689178064367816	2.15141814617018	2.93354266794958e-07
690766032258064	2.15169335983023	2.9337302942365e-07
692361334872979	2.15196859109211	2.93391792052342e-07
693964023148148	2.15224383995582	2.93410554681036e-07
695574148491879	2.15251910642132	2.93429317309728e-07
697191762790698	2.15279439048862	2.9344807993842e-07
698816918414918	2.15306969215774	2.93466842567112e-07
700449668224299	2.15334501142867	2.93485605195804e-07
702090065573770	2.15362034830145	2.93504367824498e-07
703738164319249	2.153895702776	2.9352313045319e-07
705394018823529	2.15417107485237	2.93541893081882e-07
707057683962264	2.15444646453054	2.93560655710574e-07
708729215130024	2.15472187181053	2.93579418339266e-07
710408668246446	2.15499729669236	2.9359818096796e-07
712096099762470	2.15527273917598	2.93616943596652e-07
713791566666667	2.1555481992614	2.93635706225344e-07
715495126491647	2.15582367694864	2.93654468854036e-07
717206837320574	2.15609917223769	2.93673231482728e-07
718926757793765	2.15637468512858	2.93691994111422e-07
720654947115385	2.15665021562125	2.93710756740114e-07
722391465060241	2.15692576371573	2.93729519368806e-07
724136371980676	2.15720132941203	2.93748281997498e-07
725889728813559	2.15747691271014	2.9376704462619e-07
727651597087379	2.15775251361009	2.93785807254884e-07
729422038929440	2.15802813211182	2.93804569883576e-07
731201117073171	2.15830376821536	2.93823332512268e-07
732988894865526	2.15857942192071	2.9384209514096e-07
734785436274510	2.15885509322788	2.93860857769652e-07
736590805896806	2.15913078213689	2.93879620398346e-07
738405068965517	2.15940648864768	2.93898383027038e-07
740228291358025	2.15968221276028	2.9391714565573e-07
742060539603960	2.16001643006719	2.9393988705633e-07
743901880893300	2.16038133995167	2.93964714886102e-07
745752383084577	2.16074628065721	2.93989542715874e-07
747612114713217	2.16111125218383	2.94014370545648e-07
749481145000000	2.16147625453148	2.9403919837542e-07
751359543859649	2.16184128770019	2.94064026205192e-07
753247381909548	2.16220635168995	2.94088854034964e-07
755144730478589	2.16257144650077	2.94113681864736e-07
757051661616162	2.16293657213264	2.94138509694508e-07
758968248101266	2.16330172858558	2.9416333752428e-07
760894563451777	2.16366691585957	2.94188165354052e-07
762830681933842	2.16403213395461	2.94212993183824e-07
764776678571429	2.16439738287074	2.94237821013598e-07
766732629156010	2.1647626626079	2.9426264884337e-07
768698610256410	2.16512797316612	2.94287476673142e-07
770674699228792	2.16549331454539	2.94312304502914e-07
772660974226804	2.16585868674572	2.94337132332686e-07
774657514211886	2.1662240897671	2.94361960162458e-07
776664398963731	2.16658952360954	2.9438678799223e-07
778681709090909	2.16695498827304	2.94411615822002e-07
780709526041667	2.1673204837576	2.94436443651774e-07
782747932114882	2.16768601006321	2.94461271481546e-07
784797010471204	2.16805156718991	2.9448609931132e-07
786856845144357	2.16841715513763	2.94510927141092e-07
788927521052632	2.16878277390641	2.94535754970864e-07
791009124010554	2.16914842349625	2.94560582800636e-07
793101740740741	2.16951410390714	2.94585410630408e-07
795205458885942	2.16987981513909	2.9461023846018e-07
797320367021277	2.1702455571921	2.94635066289952e-07
799446554666667	2.17061133006616	2.94659894119724e-07
801584112299465	2.17097713376128	2.94684721949496e-07
803733131367292	2.17134296827746	2.94709549779268e-07
805893704301075	2.17170883361472	2.94734377609042e-07
808065924528302	2.17207472977301	2.94759205438814e-07
810249886486486	2.17244065675236	2.94784033268586e-07
812445685636856	2.17280661455276	2.94808861098358e-07
814653418478261	2.17317260317422	2.9483368892813e-07
816873182561308	2.17353862261674	2.94858516757902e-07
819105076502732	2.17390467288031	2.94883344587674e-07
821349200000000	2.17427184661788	2.94908246518668e-07
823605653846154	2.17471080889581	2.94938014429868e-07
825874539944904	2.17514981548021	2.9496778234107e-07
828155961325967	2.175588866371	2.9499755025227e-07
830450022160665	2.17602995402319	2.95027453232624e-07
832756827777778	2.17650816559829	2.9505986955859e-07
835076484679666	2.17698642971427	2.95092285884554e-07
837409100558659	2.17746474637119	2.9512470221052e-07
839754784313726	2.17794311556899	2.95157118536484e-07
842113646067416	2.1784215373077	2.95189534862448e-07
844485797183099	2.17890001158735	2.95221951188414e-07
846871350282486	2.17937853840787	2.95254367514378e-07
849270419263456	2.17985711776934	2.95286783840344e-07
851683119318182	2.18033574967169	2.95319200166308e-07
854109566951567	2.18081443411497	2.95351616492274e-07
856549880000000	2.18129317109914	2.95384032818238e-07
859004177650430	2.18177196062424	2.95416449144204e-07
861472580459770	2.18225080269023	2.95448865470168e-07
863955210374640	2.18272969729715	2.95481281796134e-07
866452190751445	2.18323857445428	2.95515723741008e-07
868963646376812	2.18376585736244	2.95551407194244e-07
871489703488372	2.18429320393606	2.95587090647482e-07
874030489795918	2.18482061417512	2.9562277410072e-07
876586134502924	2.1853480880796	2.95658457553956e-07
879156768328446	2.18587562564955	2.95694141007194e-07
881742523529412	2.18641534228597	2.95730643815346e-07
884343533923304	2.18697620570523	2.95768572076564e-07
886959934911243	2.18753714105218	2.95806500337784e-07
889591863501484	2.18809814832674	2.95844428599002e-07
892239458333333	2.18865922752898	2.95882356860222e-07
894902859701492	2.18922037865888	2.95920285121442e-07
897582209580838	2.1897859362805	2.9595850629982e-07
900277651651652	2.19037652328223	2.95998413731036e-07
902989331325301	2.19096718991411	2.96038321162252e-07
905717395770393	2.19155793617614	2.96078228593468e-07
908461993939394	2.1921773077021	2.9612006400797e-07
911223276595745	2.19287844847111	2.96167415390088e-07
914001396341463	2.19357970134783	2.96214766772208e-07
916796507645260	2.19428106633221	2.96262118154328e-07
919608766871166	2.19498254342427	2.96309469536448e-07
922438332307692	2.19568413262399	2.96356820918568e-07
925285364197531	2.19638583393136	2.96404172300686e-07
928150024767802	2.19708764734642	2.96451523682806e-07
931032478260870	2.19778957286915	2.96498875064926e-07
933932890965732	2.19849161049956	2.96546226447046e-07
936851431250000	2.19919376023763	2.96593577829166e-07
939788269592476	2.19989602208334	2.96640929211284e-07
942743578616352	2.20059839603675	2.96688280593404e-07
945717533123028	2.20130088209783	2.96735631975524e-07
948710310126582	2.20200348026658	2.96782983357644e-07
951722088888889	2.202706190543	2.96830334739764e-07
954753050955414	2.20340901292706	2.96877686121882e-07
957803380191693	2.20411194741881	2.96925037504002e-07
960873262820513	2.20481499401824	2.96972388886122e-07
963962887459807	2.20551815272534	2.97019740268242e-07
967072445161290	2.2062214235401	2.97067091650362e-07
970202129449838	2.20692480646251	2.9711444303248e-07
973352136363636	2.20762830149261	2.971617944146e-07
976522664495114	2.20833190863039	2.9720914579672e-07
979713915032680	2.20903562787583	2.9725649717884e-07
982926091803279	2.20973945922895	2.9730384856096e-07
986159401315790	2.2104434026897	2.97351199943078e-07
989414052805280	2.21114745825815	2.97398551325198e-07
992690258278146	2.21187271688748	2.97447320841018e-07
995988232558140	2.21271763133679	2.97504126447806e-07
999308193333333	2.21356270712993	2.97560932054592e-07
1.00265036120401e+15	2.21440794426694	2.9761773766138e-07
1.00601495973154e+15	2.21525334274777	2.97674543268166e-07
1.00940221548822e+15	2.21609890257248	2.97731348874954e-07
1.01281235810811e+15	2.21699266654768	2.97791381107492e-07
1.01624562033898e+15	2.21790456452813	2.97852618892508e-07
1.01970223809524e+15	2.2188166500119	2.97913856677524e-07
1.02318245051195e+15	2.21972892299898	2.9797509446254e-07
1.0266865e+15	2.22064138348941	2.98036332247558e-07
1.03021463230241e+15	2.22155403148312	2.98097570032574e-07
1.03376709655172e+15	2.22246686698015	2.9815880781759e-07
1.03734414532872e+15	2.22341435265101	2.9822235681793e-07
1.04094603472222e+15	2.22442332093048	2.98290014645512e-07
1.04457302439024e+15	2.22543251808904	2.98357672473094e-07
1.04822537762238e+15	2.22644194412668	2.98425330300676e-07
1.05190336140351e+15	2.22745159904343	2.9849298812826e-07
1.05560724647887e+15	2.22846148283923	2.98560645955842e-07
1.05933730742049e+15	2.22947159551411	2.98628303783424e-07
1.06309382269504e+15	2.23048193706808	2.98695961611006e-07
1.0668770747331e+15	2.23149250750113	2.98763619438588e-07
1.07068735e+15	2.2325358763513	2.98833457052674e-07
1.0745249390681e+15	2.23364079483609	2.98907396685736e-07
1.07839013669065e+15	2.23474598667437	2.989813363188e-07
1.08228324187726e+15	2.23585145186613	2.99055275951864e-07
1.08620455797101e+15	2.23695719041135	2.99129215584928e-07
1.09015439272727e+15	2.23808482873462	2.99204600815872e-07
1.09413305839416e+15	2.23926893231356	2.99283740441312e-07
1.09814087179487e+15	2.24045334904653	2.99362880066754e-07
1.10217815441176e+15	2.2416380789335	2.99442019692194e-07
1.10624523247232e+15	2.24282312197448	2.99521159317634e-07
1.11034243703704e+15	2.24400847816947	2.99600298943074e-07
1.11447010408922e+15	2.24526765460418	2.99684344242684e-07
1.11862857462687e+15	2.2465367387548	2.99769027002778e-07
1.12281819475655e+15	2.24780618146391	2.99853709762872e-07
1.12703931578947e+15	2.24907598273151	2.99938392522966e-07
1.13129229433962e+15	2.25038951083206	3.0002596626506e-07
1.13557749242424e+15	2.25187269708724	3.00124820505552e-07
1.13989527756654e+15	2.25335637195045	3.00223674746044e-07
1.14424602290076e+15	2.25484053542168	3.00322528986534e-07
1.14863010727969e+15	2.25632518750098	3.00421383227026e-07
1.15304791538462e+15	2.25781032818833	3.00520237467518e-07
1.15749983783784e+15	2.25929595748368	3.00619091708008e-07
1.16198627131783e+15	2.26078207538711	3.007179459485e-07
1.16650761867704e+15	2.26226868189859	3.00816800188992e-07
1.1710642890625e+15	2.26375577701808	3.00915654429482e-07
1.17565669803922e+15	2.26524336074564	3.01014508669974e-07
1.18028526771654e+15	2.26673143308124	3.01113362910466e-07
1.18495042687747e+15	2.26821999402486	3.01212217150956e-07
1.18965261111111e+15	2.26970904357655	3.01311071391448e-07
1.19439226294821e+15	2.27119858173628	3.0140992563194e-07
1.199169832e+15	2.27268860850403	3.0150877987243e-07
